(0, 0, 0, 0, 0)	0.0
(0, 0, 0, 0, 1)	140.9
(0, 0, 0, 0, 2)	0.0
(0, 0, 0, 1, 0)	175.9
(0, 0, 0, 1, 1)	169.2
(0, 0, 0, 1, 2)	21.4
(0, 0, 0, 2, 0)	0.0
(0, 0, 0, 2, 1)	135.0
(0, 0, 0, 2, 2)	0.0
(0, 0, 1, 0, 0)	97.0
(0, 0, 1, 0, 1)	148.0
(0, 0, 1, 0, 2)	28.9
(0, 0, 1, 1, 0)	175.9
(0, 0, 1, 1, 1)	185.3
(0, 0, 1, 1, 2)	34.6
(0, 0, 1, 2, 0)	31.8
(0, 0, 1, 2, 1)	130.8
(0, 0, 1, 2, 2)	34.9
(0, 0, 2, 0, 0)	0.0
(0, 0, 2, 0, 1)	142.5
(0, 0, 2, 0, 2)	0.0
(0, 0, 2, 1, 0)	83.3
(0, 0, 2, 1, 1)	119.5
(0, 0, 2, 1, 2)	45.0
(0, 0, 2, 2, 0)	0.0
(0, 0, 2, 2, 1)	78.0
(0, 0, 2, 2, 2)	0.0
(0, 1, 0, 0, 0)	202.1
(0, 1, 0, 0, 1)	187.3
(0, 1, 0, 0, 2)	46.4
(0, 1, 0, 1, 0)	185.6
(0, 1, 0, 1, 1)	185.2
(0, 1, 0, 1, 2)	70.0
(0, 1, 0, 2, 0)	104.9
(0, 1, 0, 2, 1)	158.6
(0, 1, 0, 2, 2)	58.1
(0, 1, 1, 0, 0)	188.7
(0, 1, 1, 0, 1)	200.1
(0, 1, 1, 0, 2)	54.5
(0, 1, 1, 1, 0)	193.7
(0, 1, 1, 1, 1)	205.3
(0, 1, 1, 1, 2)	74.8
(0, 1, 1, 2, 0)	136.0
(0, 1, 1, 2, 1)	166.6
(0, 1, 1, 2, 2)	55.6
(0, 1, 2, 0, 0)	148.1
(0, 1, 2, 0, 1)	159.9
(0, 1, 2, 0, 2)	55.8
(0, 1, 2, 1, 0)	144.7
(0, 1, 2, 1, 1)	179.3
(0, 1, 2, 1, 2)	74.5
(0, 1, 2, 2, 0)	78.7
(0, 1, 2, 2, 1)	124.9
(0, 1, 2, 2, 2)	28.0
(0, 2, 0, 0, 0)	0.0
(0, 2, 0, 0, 1)	80.0
(0, 2, 0, 0, 2)	0.0
(0, 2, 0, 1, 0)	49.2
(0, 2, 0, 1, 1)	107.6
(0, 2, 0, 1, 2)	16.2
(0, 2, 0, 2, 0)	0.0
(0, 2, 0, 2, 1)	62.9
(0, 2, 0, 2, 2)	0.0
(0, 2, 1, 0, 0)	40.3
(0, 2, 1, 0, 1)	70.8
(0, 2, 1, 0, 2)	20.0
(0, 2, 1, 1, 0)	64.8
(0, 2, 1, 1, 1)	125.5
(0, 2, 1, 1, 2)	57.1
(0, 2, 1, 2, 0)	28.1
(0, 2, 1, 2, 1)	79.2
(0, 2, 1, 2, 2)	15.5
(0, 2, 2, 0, 0)	0.0
(0, 2, 2, 0, 1)	61.1
(0, 2, 2, 0, 2)	0.0
(0, 2, 2, 1, 0)	25.2
(0, 2, 2, 1, 1)	74.7
(0, 2, 2, 1, 2)	17.3
(0, 2, 2, 2, 0)	0.0
(0, 2, 2, 2, 1)	62.8
(0, 2, 2, 2, 2)	0.0
(1, 0, 0, 0, 0)	129.2
(1, 0, 0, 0, 1)	160.5
(1, 0, 0, 0, 2)	37.0
(1, 0, 0, 1, 0)	167.5
(1, 0, 0, 1, 1)	187.9
(1, 0, 0, 1, 2)	109.8
(1, 0, 0, 2, 0)	130.5
(1, 0, 0, 2, 1)	139.5
(1, 0, 0, 2, 2)	50.8
(1, 0, 1, 0, 0)	174.3
(1, 0, 1, 0, 1)	168.3
(1, 0, 1, 0, 2)	123.6
(1, 0, 1, 1, 0)	190.3
(1, 0, 1, 1, 1)	183.3
(1, 0, 1, 1, 2)	74.2
(1, 0, 1, 2, 0)	136.3
(1, 0, 1, 2, 1)	156.0
(1, 0, 1, 2, 2)	72.9
(1, 0, 2, 0, 0)	118.6
(1, 0, 2, 0, 1)	142.9
(1, 0, 2, 0, 2)	62.1
(1, 0, 2, 1, 0)	155.4
(1, 0, 2, 1, 1)	157.4
(1, 0, 2, 1, 2)	49.4
(1, 0, 2, 2, 0)	74.7
(1, 0, 2, 2, 1)	129.8
(1, 0, 2, 2, 2)	88.2
(1, 1, 0, 0, 0)	190.7
(1, 1, 0, 0, 1)	194.3
(1, 1, 0, 0, 2)	126.4
(1, 1, 0, 1, 0)	202.9
(1, 1, 0, 1, 1)	197.3
(1, 1, 0, 1, 2)	100.8
(1, 1, 0, 2, 0)	157.7
(1, 1, 0, 2, 1)	161.3
(1, 1, 0, 2, 2)	66.4
(1, 1, 1, 0, 0)	200.3
(1, 1, 1, 0, 1)	206.7
(1, 1, 1, 0, 2)	126.0
(1, 1, 1, 1, 0)	197.2
(1, 1, 1, 1, 1)	199.5
(1, 1, 1, 1, 2)	113.8
(1, 1, 1, 2, 0)	156.1
(1, 1, 1, 2, 1)	167.3
(1, 1, 1, 2, 2)	106.8
(1, 1, 2, 0, 0)	162.0
(1, 1, 2, 0, 1)	169.4
(1, 1, 2, 0, 2)	115.6
(1, 1, 2, 1, 0)	164.8
(1, 1, 2, 1, 1)	163.6
(1, 1, 2, 1, 2)	102.6
(1, 1, 2, 2, 0)	164.4
(1, 1, 2, 2, 1)	156.9
(1, 1, 2, 2, 2)	94.1
(1, 2, 0, 0, 0)	91.8
(1, 2, 0, 0, 1)	101.1
(1, 2, 0, 0, 2)	33.7
(1, 2, 0, 1, 0)	97.8
(1, 2, 0, 1, 1)	130.3
(1, 2, 0, 1, 2)	30.6
(1, 2, 0, 2, 0)	49.7
(1, 2, 0, 2, 1)	95.3
(1, 2, 0, 2, 2)	38.7
(1, 2, 1, 0, 0)	66.9
(1, 2, 1, 0, 1)	107.7
(1, 2, 1, 0, 2)	43.3
(1, 2, 1, 1, 0)	92.4
(1, 2, 1, 1, 1)	155.4
(1, 2, 1, 1, 2)	74.7
(1, 2, 1, 2, 0)	57.1
(1, 2, 1, 2, 1)	89.0
(1, 2, 1, 2, 2)	29.1
(1, 2, 2, 0, 0)	71.2
(1, 2, 2, 0, 1)	104.2
(1, 2, 2, 0, 2)	28.3
(1, 2, 2, 1, 0)	117.8
(1, 2, 2, 1, 1)	116.1
(1, 2, 2, 1, 2)	25.3
(1, 2, 2, 2, 0)	48.3
(1, 2, 2, 2, 1)	73.5
(1, 2, 2, 2, 2)	36.3
(2, 0, 0, 0, 0)	0.0
(2, 0, 0, 0, 1)	47.4
(2, 0, 0, 0, 2)	0.0
(2, 0, 0, 1, 0)	53.4
(2, 0, 0, 1, 1)	103.6
(2, 0, 0, 1, 2)	20.0
(2, 0, 0, 2, 0)	0.0
(2, 0, 0, 2, 1)	105.3
(2, 0, 0, 2, 2)	0.0
(2, 0, 1, 0, 0)	17.0
(2, 0, 1, 0, 1)	60.6
(2, 0, 1, 0, 2)	22.4
(2, 0, 1, 1, 0)	28.7
(2, 0, 1, 1, 1)	62.0
(2, 0, 1, 1, 2)	34.0
(2, 0, 1, 2, 0)	49.2
(2, 0, 1, 2, 1)	80.6
(2, 0, 1, 2, 2)	16.6
(2, 0, 2, 0, 0)	0.0
(2, 0, 2, 0, 1)	106.6
(2, 0, 2, 0, 2)	0.0
(2, 0, 2, 1, 0)	24.6
(2, 0, 2, 1, 1)	97.6
(2, 0, 2, 1, 2)	23.0
(2, 0, 2, 2, 0)	0.0
(2, 0, 2, 2, 1)	63.2
(2, 0, 2, 2, 2)	0.0
(2, 1, 0, 0, 0)	92.1
(2, 1, 0, 0, 1)	85.9
(2, 1, 0, 0, 2)	32.1
(2, 1, 0, 1, 0)	70.7
(2, 1, 0, 1, 1)	109.7
(2, 1, 0, 1, 2)	50.0
(2, 1, 0, 2, 0)	80.2
(2, 1, 0, 2, 1)	101.5
(2, 1, 0, 2, 2)	25.5
(2, 1, 1, 0, 0)	68.3
(2, 1, 1, 0, 1)	123.4
(2, 1, 1, 0, 2)	37.7
(2, 1, 1, 1, 0)	116.8
(2, 1, 1, 1, 1)	111.7
(2, 1, 1, 1, 2)	59.3
(2, 1, 1, 2, 0)	127.2
(2, 1, 1, 2, 1)	135.3
(2, 1, 1, 2, 2)	47.0
(2, 1, 2, 0, 0)	86.2
(2, 1, 2, 0, 1)	103.0
(2, 1, 2, 0, 2)	45.1
(2, 1, 2, 1, 0)	71.6
(2, 1, 2, 1, 1)	137.3
(2, 1, 2, 1, 2)	47.6
(2, 1, 2, 2, 0)	47.8
(2, 1, 2, 2, 1)	82.4
(2, 1, 2, 2, 2)	32.9
(2, 2, 0, 0, 0)	0.0
(2, 2, 0, 0, 1)	41.4
(2, 2, 0, 0, 2)	0.0
(2, 2, 0, 1, 0)	19.6
(2, 2, 0, 1, 1)	74.6
(2, 2, 0, 1, 2)	16.9
(2, 2, 0, 2, 0)	0.0
(2, 2, 0, 2, 1)	48.5
(2, 2, 0, 2, 2)	0.0
(2, 2, 1, 0, 0)	26.0
(2, 2, 1, 0, 1)	80.3
(2, 2, 1, 0, 2)	13.0
(2, 2, 1, 1, 0)	26.6
(2, 2, 1, 1, 1)	72.3
(2, 2, 1, 1, 2)	31.0
(2, 2, 1, 2, 0)	14.1
(2, 2, 1, 2, 1)	41.5
(2, 2, 1, 2, 2)	8.9
(2, 2, 2, 0, 0)	0.0
(2, 2, 2, 0, 1)	54.9
(2, 2, 2, 0, 2)	0.0
(2, 2, 2, 1, 0)	16.7
(2, 2, 2, 1, 1)	66.9
(2, 2, 2, 1, 2)	17.5
(2, 2, 2, 2, 0)	0.0
(2, 2, 2, 2, 1)	50.9
(2, 2, 2, 2, 2)	0.0
