(0, 0, 0, 0, 0, 0, 0)	0.0
(0, 0, 0, 0, 0, 0, 1)	34150.0
(0, 0, 0, 0, 0, 0, 2)	0.0
(0, 0, 0, 0, 0, 1, 0)	34160.0
(0, 0, 0, 0, 0, 1, 1)	34239.0
(0, 0, 0, 0, 0, 1, 2)	18884.0
(0, 0, 0, 0, 0, 2, 0)	0.0
(0, 0, 0, 0, 0, 2, 1)	4363.0
(0, 0, 0, 0, 0, 2, 2)	0.0
(0, 0, 0, 0, 1, 0, 0)	31.0
(0, 0, 0, 0, 1, 0, 1)	34158.0
(0, 0, 0, 0, 1, 0, 2)	31.0
(0, 0, 0, 0, 1, 1, 0)	34174.0
(0, 0, 0, 0, 1, 1, 1)	34252.0
(0, 0, 0, 0, 1, 1, 2)	19144.0
(0, 0, 0, 0, 1, 2, 0)	31.0
(0, 0, 0, 0, 1, 2, 1)	4446.0
(0, 0, 0, 0, 1, 2, 2)	31.0
(0, 0, 0, 0, 2, 0, 0)	0.0
(0, 0, 0, 0, 2, 0, 1)	8925.0
(0, 0, 0, 0, 2, 0, 2)	0.0
(0, 0, 0, 0, 2, 1, 0)	29007.0
(0, 0, 0, 0, 2, 1, 1)	30228.0
(0, 0, 0, 0, 2, 1, 2)	18623.0
(0, 0, 0, 0, 2, 2, 0)	0.0
(0, 0, 0, 0, 2, 2, 1)	4344.0
(0, 0, 0, 0, 2, 2, 2)	0.0
(0, 0, 0, 1, 0, 0, 0)	34133.0
(0, 0, 0, 1, 0, 0, 1)	34243.0
(0, 0, 0, 1, 0, 0, 2)	30888.0
(0, 0, 0, 1, 0, 1, 0)	34235.0
(0, 0, 0, 1, 0, 1, 1)	34329.0
(0, 0, 0, 1, 0, 1, 2)	31681.0
(0, 0, 0, 1, 0, 2, 0)	16989.0
(0, 0, 0, 1, 0, 2, 1)	27117.0
(0, 0, 0, 1, 0, 2, 2)	7153.0
(0, 0, 0, 1, 1, 0, 0)	34146.0
(0, 0, 0, 1, 1, 0, 1)	34254.0
(0, 0, 0, 1, 1, 0, 2)	31221.0
(0, 0, 0, 1, 1, 1, 0)	34258.0
(0, 0, 0, 1, 1, 1, 1)	34342.0
(0, 0, 0, 1, 1, 1, 2)	32011.0
(0, 0, 0, 1, 1, 2, 0)	20017.0
(0, 0, 0, 1, 1, 2, 1)	27164.0
(0, 0, 0, 1, 1, 2, 2)	7226.0
(0, 0, 0, 1, 2, 0, 0)	32185.0
(0, 0, 0, 1, 2, 0, 1)	33266.0
(0, 0, 0, 1, 2, 0, 2)	29536.0
(0, 0, 0, 1, 2, 1, 0)	32700.0
(0, 0, 0, 1, 2, 1, 1)	33443.0
(0, 0, 0, 1, 2, 1, 2)	30399.0
(0, 0, 0, 1, 2, 2, 0)	16960.0
(0, 0, 0, 1, 2, 2, 1)	27063.0
(0, 0, 0, 1, 2, 2, 2)	5610.0
(0, 0, 0, 2, 0, 0, 0)	0.0
(0, 0, 0, 2, 0, 0, 1)	1092.0
(0, 0, 0, 2, 0, 0, 2)	0.0
(0, 0, 0, 2, 0, 1, 0)	3415.0
(0, 0, 0, 2, 0, 1, 1)	12119.0
(0, 0, 0, 2, 0, 1, 2)	2052.0
(0, 0, 0, 2, 0, 2, 0)	0.0
(0, 0, 0, 2, 0, 2, 1)	1026.0
(0, 0, 0, 2, 0, 2, 2)	0.0
(0, 0, 0, 2, 1, 0, 0)	31.0
(0, 0, 0, 2, 1, 0, 1)	1547.0
(0, 0, 0, 2, 1, 0, 2)	31.0
(0, 0, 0, 2, 1, 1, 0)	3446.0
(0, 0, 0, 2, 1, 1, 1)	17144.0
(0, 0, 0, 2, 1, 1, 2)	2083.0
(0, 0, 0, 2, 1, 2, 0)	31.0
(0, 0, 0, 2, 1, 2, 1)	1442.0
(0, 0, 0, 2, 1, 2, 2)	31.0
(0, 0, 0, 2, 2, 0, 0)	0.0
(0, 0, 0, 2, 2, 0, 1)	1040.0
(0, 0, 0, 2, 2, 0, 2)	0.0
(0, 0, 0, 2, 2, 1, 0)	3373.0
(0, 0, 0, 2, 2, 1, 1)	11875.0
(0, 0, 0, 2, 2, 1, 2)	2042.0
(0, 0, 0, 2, 2, 2, 0)	0.0
(0, 0, 0, 2, 2, 2, 1)	986.0
(0, 0, 0, 2, 2, 2, 2)	0.0
(0, 0, 1, 0, 0, 0, 0)	34242.0
(0, 0, 1, 0, 0, 0, 1)	34327.0
(0, 0, 1, 0, 0, 0, 2)	24834.0
(0, 0, 1, 0, 0, 1, 0)	34335.0
(0, 0, 1, 0, 0, 1, 1)	34414.0
(0, 0, 1, 0, 0, 1, 2)	29567.0
(0, 0, 1, 0, 0, 2, 0)	4590.0
(0, 0, 1, 0, 0, 2, 1)	9183.0
(0, 0, 1, 0, 0, 2, 2)	3286.0
(0, 0, 1, 0, 1, 0, 0)	34246.0
(0, 0, 1, 0, 1, 0, 1)	34335.0
(0, 0, 1, 0, 1, 0, 2)	27267.0
(0, 0, 1, 0, 1, 1, 0)	34341.0
(0, 0, 1, 0, 1, 1, 1)	34426.0
(0, 0, 1, 0, 1, 1, 2)	30135.0
(0, 0, 1, 0, 1, 2, 0)	5533.0
(0, 0, 1, 0, 1, 2, 1)	9769.0
(0, 0, 1, 0, 1, 2, 2)	3915.0
(0, 0, 1, 0, 2, 0, 0)	33729.0
(0, 0, 1, 0, 2, 0, 1)	33791.0
(0, 0, 1, 0, 2, 0, 2)	24151.0
(0, 0, 1, 0, 2, 1, 0)	33883.0
(0, 0, 1, 0, 2, 1, 1)	33943.0
(0, 0, 1, 0, 2, 1, 2)	29354.0
(0, 0, 1, 0, 2, 2, 0)	4574.0
(0, 0, 1, 0, 2, 2, 1)	9146.0
(0, 0, 1, 0, 2, 2, 2)	3244.0
(0, 0, 1, 1, 0, 0, 0)	34320.0
(0, 0, 1, 1, 0, 0, 1)	34421.0
(0, 0, 1, 1, 0, 0, 2)	32071.0
(0, 0, 1, 1, 0, 1, 0)	34417.0
(0, 0, 1, 1, 0, 1, 1)	34503.0
(0, 0, 1, 1, 0, 1, 2)	32819.0
(0, 0, 1, 1, 0, 2, 0)	24354.0
(0, 0, 1, 1, 0, 2, 1)	27476.0
(0, 0, 1, 1, 0, 2, 2)	10708.0
(0, 0, 1, 1, 1, 0, 0)	34327.0
(0, 0, 1, 1, 1, 0, 1)	34427.0
(0, 0, 1, 1, 1, 0, 2)	32410.0
(0, 0, 1, 1, 1, 1, 0)	34423.0
(0, 0, 1, 1, 1, 1, 1)	34518.0
(0, 0, 1, 1, 1, 1, 2)	33129.0
(0, 0, 1, 1, 1, 2, 0)	24825.0
(0, 0, 1, 1, 1, 2, 1)	27573.0
(0, 0, 1, 1, 1, 2, 2)	13198.0
(0, 0, 1, 1, 2, 0, 0)	33803.0
(0, 0, 1, 1, 2, 0, 1)	33899.0
(0, 0, 1, 1, 2, 0, 2)	31925.0
(0, 0, 1, 1, 2, 1, 0)	33962.0
(0, 0, 1, 1, 2, 1, 1)	34044.0
(0, 0, 1, 1, 2, 1, 2)	32726.0
(0, 0, 1, 1, 2, 2, 0)	24289.0
(0, 0, 1, 1, 2, 2, 1)	27426.0
(0, 0, 1, 1, 2, 2, 2)	10133.0
(0, 0, 1, 2, 0, 0, 0)	7022.0
(0, 0, 1, 2, 0, 0, 1)	9009.0
(0, 0, 1, 2, 0, 0, 2)	3094.0
(0, 0, 1, 2, 0, 1, 0)	13696.0
(0, 0, 1, 2, 0, 1, 1)	22197.0
(0, 0, 1, 2, 0, 1, 2)	4909.0
(0, 0, 1, 2, 0, 2, 0)	2146.0
(0, 0, 1, 2, 0, 2, 1)	3469.0
(0, 0, 1, 2, 0, 2, 2)	1049.0
(0, 0, 1, 2, 1, 0, 0)	9434.0
(0, 0, 1, 2, 1, 0, 1)	10734.0
(0, 0, 1, 2, 1, 0, 2)	4568.0
(0, 0, 1, 2, 1, 1, 0)	14301.0
(0, 0, 1, 2, 1, 1, 1)	22297.0
(0, 0, 1, 2, 1, 1, 2)	6752.0
(0, 0, 1, 2, 1, 2, 0)	2646.0
(0, 0, 1, 2, 1, 2, 1)	3761.0
(0, 0, 1, 2, 1, 2, 2)	1432.0
(0, 0, 1, 2, 2, 0, 0)	6992.0
(0, 0, 1, 2, 2, 0, 1)	8966.0
(0, 0, 1, 2, 2, 0, 2)	3079.0
(0, 0, 1, 2, 2, 1, 0)	13563.0
(0, 0, 1, 2, 2, 1, 1)	22127.0
(0, 0, 1, 2, 2, 1, 2)	4875.0
(0, 0, 1, 2, 2, 2, 0)	2103.0
(0, 0, 1, 2, 2, 2, 1)	3410.0
(0, 0, 1, 2, 2, 2, 2)	1036.0
(0, 0, 2, 0, 0, 0, 0)	0.0
(0, 0, 2, 0, 0, 0, 1)	3289.0
(0, 0, 2, 0, 0, 0, 2)	0.0
(0, 0, 2, 0, 0, 1, 0)	18819.0
(0, 0, 2, 0, 0, 1, 1)	22438.0
(0, 0, 2, 0, 0, 1, 2)	9890.0
(0, 0, 2, 0, 0, 2, 0)	0.0
(0, 0, 2, 0, 0, 2, 1)	1367.0
(0, 0, 2, 0, 0, 2, 2)	0.0
(0, 0, 2, 0, 1, 0, 0)	31.0
(0, 0, 2, 0, 1, 0, 1)	3565.0
(0, 0, 2, 0, 1, 0, 2)	31.0
(0, 0, 2, 0, 1, 1, 0)	18929.0
(0, 0, 2, 0, 1, 1, 1)	22984.0
(0, 0, 2, 0, 1, 1, 2)	9939.0
(0, 0, 2, 0, 1, 2, 0)	31.0
(0, 0, 2, 0, 1, 2, 1)	1440.0
(0, 0, 2, 0, 1, 2, 2)	31.0
(0, 0, 2, 0, 2, 0, 0)	0.0
(0, 0, 2, 0, 2, 0, 1)	2451.0
(0, 0, 2, 0, 2, 0, 2)	0.0
(0, 0, 2, 0, 2, 1, 0)	17764.0
(0, 0, 2, 0, 2, 1, 1)	20979.0
(0, 0, 2, 0, 2, 1, 2)	8279.0
(0, 0, 2, 0, 2, 2, 0)	0.0
(0, 0, 2, 0, 2, 2, 1)	1228.0
(0, 0, 2, 0, 2, 2, 2)	0.0
(0, 0, 2, 1, 0, 0, 0)	14518.0
(0, 0, 2, 1, 0, 0, 1)	26186.0
(0, 0, 2, 1, 0, 0, 2)	11920.0
(0, 0, 2, 1, 0, 1, 0)	27201.0
(0, 0, 2, 1, 0, 1, 1)	31457.0
(0, 0, 2, 1, 0, 1, 2)	22789.0
(0, 0, 2, 1, 0, 2, 0)	8390.0
(0, 0, 2, 1, 0, 2, 1)	13970.0
(0, 0, 2, 1, 0, 2, 2)	4254.0
(0, 0, 2, 1, 1, 0, 0)	14605.0
(0, 0, 2, 1, 1, 0, 1)	26355.0
(0, 0, 2, 1, 1, 0, 2)	11962.0
(0, 0, 2, 1, 1, 1, 0)	27304.0
(0, 0, 2, 1, 1, 1, 1)	31528.0
(0, 0, 2, 1, 1, 1, 2)	24152.0
(0, 0, 2, 1, 1, 2, 0)	8421.0
(0, 0, 2, 1, 1, 2, 1)	14861.0
(0, 0, 2, 1, 1, 2, 2)	4285.0
(0, 0, 2, 1, 2, 0, 0)	10361.0
(0, 0, 2, 1, 2, 0, 1)	21303.0
(0, 0, 2, 1, 2, 0, 2)	8822.0
(0, 0, 2, 1, 2, 1, 0)	25694.0
(0, 0, 2, 1, 2, 1, 1)	30642.0
(0, 0, 2, 1, 2, 1, 2)	22752.0
(0, 0, 2, 1, 2, 2, 0)	7011.0
(0, 0, 2, 1, 2, 2, 1)	11099.0
(0, 0, 2, 1, 2, 2, 2)	3831.0
(0, 0, 2, 2, 0, 0, 0)	0.0
(0, 0, 2, 2, 0, 0, 1)	876.0
(0, 0, 2, 2, 0, 0, 2)	0.0
(0, 0, 2, 2, 0, 1, 0)	2630.0
(0, 0, 2, 2, 0, 1, 1)	6881.0
(0, 0, 2, 2, 0, 1, 2)	1750.0
(0, 0, 2, 2, 0, 2, 0)	0.0
(0, 0, 2, 2, 0, 2, 1)	670.0
(0, 0, 2, 2, 0, 2, 2)	0.0
(0, 0, 2, 2, 1, 0, 0)	31.0
(0, 0, 2, 2, 1, 0, 1)	936.0
(0, 0, 2, 2, 1, 0, 2)	31.0
(0, 0, 2, 2, 1, 1, 0)	2661.0
(0, 0, 2, 2, 1, 1, 1)	6954.0
(0, 0, 2, 2, 1, 1, 2)	1781.0
(0, 0, 2, 2, 1, 2, 0)	31.0
(0, 0, 2, 2, 1, 2, 1)	743.0
(0, 0, 2, 2, 1, 2, 2)	31.0
(0, 0, 2, 2, 2, 0, 0)	0.0
(0, 0, 2, 2, 2, 0, 1)	801.0
(0, 0, 2, 2, 2, 0, 2)	0.0
(0, 0, 2, 2, 2, 1, 0)	2604.0
(0, 0, 2, 2, 2, 1, 1)	6609.0
(0, 0, 2, 2, 2, 1, 2)	1441.0
(0, 0, 2, 2, 2, 2, 0)	0.0
(0, 0, 2, 2, 2, 2, 1)	623.0
(0, 0, 2, 2, 2, 2, 2)	0.0
(0, 1, 0, 0, 0, 0, 0)	34076.0
(0, 1, 0, 0, 0, 0, 1)	34181.0
(0, 1, 0, 0, 0, 0, 2)	25673.0
(0, 1, 0, 0, 0, 1, 0)	34174.0
(0, 1, 0, 0, 0, 1, 1)	34264.0
(0, 1, 0, 0, 0, 1, 2)	29325.0
(0, 1, 0, 0, 0, 2, 0)	11579.0
(0, 1, 0, 0, 0, 2, 1)	24451.0
(0, 1, 0, 0, 0, 2, 2)	2223.0
(0, 1, 0, 0, 1, 0, 0)	34093.0
(0, 1, 0, 0, 1, 0, 1)	34190.0
(0, 1, 0, 0, 1, 0, 2)	26927.0
(0, 1, 0, 0, 1, 1, 0)	34188.0
(0, 1, 0, 0, 1, 1, 1)	34279.0
(0, 1, 0, 0, 1, 1, 2)	29644.0
(0, 1, 0, 0, 1, 2, 0)	12439.0
(0, 1, 0, 0, 1, 2, 1)	25338.0
(0, 1, 0, 0, 1, 2, 2)	3450.0
(0, 1, 0, 0, 2, 0, 0)	32313.0
(0, 1, 0, 0, 2, 0, 1)	32462.0
(0, 1, 0, 0, 2, 0, 2)	25233.0
(0, 1, 0, 0, 2, 1, 0)	32467.0
(0, 1, 0, 0, 2, 1, 1)	32612.0
(0, 1, 0, 0, 2, 1, 2)	28613.0
(0, 1, 0, 0, 2, 2, 0)	11555.0
(0, 1, 0, 0, 2, 2, 1)	24405.0
(0, 1, 0, 0, 2, 2, 2)	2062.0
(0, 1, 0, 1, 0, 0, 0)	34150.0
(0, 1, 0, 1, 0, 0, 1)	34262.0
(0, 1, 0, 1, 0, 0, 2)	31946.0
(0, 1, 0, 1, 0, 1, 0)	34247.0
(0, 1, 0, 1, 0, 1, 1)	34347.0
(0, 1, 0, 1, 0, 1, 2)	32159.0
(0, 1, 0, 1, 0, 2, 0)	26392.0
(0, 1, 0, 1, 0, 2, 1)	27243.0
(0, 1, 0, 1, 0, 2, 2)	13518.0
(0, 1, 0, 1, 1, 0, 0)	34163.0
(0, 1, 0, 1, 1, 0, 1)	34270.0
(0, 1, 0, 1, 1, 0, 2)	32277.0
(0, 1, 0, 1, 1, 1, 0)	34269.0
(0, 1, 0, 1, 1, 1, 1)	34365.0
(0, 1, 0, 1, 1, 1, 2)	32476.0
(0, 1, 0, 1, 1, 2, 0)	26754.0
(0, 1, 0, 1, 1, 2, 1)	27516.0
(0, 1, 0, 1, 1, 2, 2)	14772.0
(0, 1, 0, 1, 2, 0, 0)	33641.0
(0, 1, 0, 1, 2, 0, 1)	33729.0
(0, 1, 0, 1, 2, 0, 2)	31583.0
(0, 1, 0, 1, 2, 1, 0)	33805.0
(0, 1, 0, 1, 2, 1, 1)	33881.0
(0, 1, 0, 1, 2, 1, 2)	31848.0
(0, 1, 0, 1, 2, 2, 0)	26337.0
(0, 1, 0, 1, 2, 2, 1)	27190.0
(0, 1, 0, 1, 2, 2, 2)	13186.0
(0, 1, 0, 2, 0, 0, 0)	4810.0
(0, 1, 0, 2, 0, 0, 1)	8213.0
(0, 1, 0, 2, 0, 0, 2)	3311.0
(0, 1, 0, 2, 0, 1, 0)	14228.0
(0, 1, 0, 2, 0, 1, 1)	22263.0
(0, 1, 0, 2, 0, 1, 2)	7023.0
(0, 1, 0, 2, 0, 2, 0)	1584.0
(0, 1, 0, 2, 0, 2, 1)	2889.0
(0, 1, 0, 2, 0, 2, 2)	1506.0
(0, 1, 0, 2, 1, 0, 0)	6960.0
(0, 1, 0, 2, 1, 0, 1)	9462.0
(0, 1, 0, 2, 1, 0, 2)	4668.0
(0, 1, 0, 2, 1, 1, 0)	16324.0
(0, 1, 0, 2, 1, 1, 1)	22547.0
(0, 1, 0, 2, 1, 1, 2)	10576.0
(0, 1, 0, 2, 1, 2, 0)	2110.0
(0, 1, 0, 2, 1, 2, 1)	3473.0
(0, 1, 0, 2, 1, 2, 2)	1767.0
(0, 1, 0, 2, 2, 0, 0)	4554.0
(0, 1, 0, 2, 2, 0, 1)	7406.0
(0, 1, 0, 2, 2, 0, 2)	2871.0
(0, 1, 0, 2, 2, 1, 0)	13608.0
(0, 1, 0, 2, 2, 1, 1)	22039.0
(0, 1, 0, 2, 2, 1, 2)	6154.0
(0, 1, 0, 2, 2, 2, 0)	1460.0
(0, 1, 0, 2, 2, 2, 1)	2655.0
(0, 1, 0, 2, 2, 2, 2)	1243.0
(0, 1, 1, 0, 0, 0, 0)	34257.0
(0, 1, 1, 0, 0, 0, 1)	34354.0
(0, 1, 1, 0, 0, 0, 2)	27468.0
(0, 1, 1, 0, 0, 1, 0)	34355.0
(0, 1, 1, 0, 0, 1, 1)	34441.0
(0, 1, 1, 0, 0, 1, 2)	30636.0
(0, 1, 1, 0, 0, 2, 0)	15386.0
(0, 1, 1, 0, 0, 2, 1)	25955.0
(0, 1, 1, 0, 0, 2, 2)	5849.0
(0, 1, 1, 0, 1, 0, 0)	34266.0
(0, 1, 1, 0, 1, 0, 1)	34359.0
(0, 1, 1, 0, 1, 0, 2)	29109.0
(0, 1, 1, 0, 1, 1, 0)	34365.0
(0, 1, 1, 0, 1, 1, 1)	34453.0
(0, 1, 1, 0, 1, 1, 2)	30892.0
(0, 1, 1, 0, 1, 2, 0)	16692.0
(0, 1, 1, 0, 1, 2, 1)	26620.0
(0, 1, 1, 0, 1, 2, 2)	7339.0
(0, 1, 1, 0, 2, 0, 0)	33743.0
(0, 1, 1, 0, 2, 0, 1)	33823.0
(0, 1, 1, 0, 2, 0, 2)	27316.0
(0, 1, 1, 0, 2, 1, 0)	33904.0
(0, 1, 1, 0, 2, 1, 1)	33972.0
(0, 1, 1, 0, 2, 1, 2)	30557.0
(0, 1, 1, 0, 2, 2, 0)	15327.0
(0, 1, 1, 0, 2, 2, 1)	25900.0
(0, 1, 1, 0, 2, 2, 2)	5794.0
(0, 1, 1, 1, 0, 0, 0)	34341.0
(0, 1, 1, 1, 0, 0, 1)	34434.0
(0, 1, 1, 1, 0, 0, 2)	32216.0
(0, 1, 1, 1, 0, 1, 0)	34436.0
(0, 1, 1, 1, 0, 1, 1)	34523.0
(0, 1, 1, 1, 0, 1, 2)	32934.0
(0, 1, 1, 1, 0, 2, 0)	26980.0
(0, 1, 1, 1, 0, 2, 1)	27731.0
(0, 1, 1, 1, 0, 2, 2)	15461.0
(0, 1, 1, 1, 1, 0, 0)	34348.0
(0, 1, 1, 1, 1, 0, 1)	34446.0
(0, 1, 1, 1, 1, 0, 2)	32476.0
(0, 1, 1, 1, 1, 1, 0)	34447.0
(0, 1, 1, 1, 1, 1, 1)	34538.0
(0, 1, 1, 1, 1, 1, 2)	33205.0
(0, 1, 1, 1, 1, 2, 0)	27138.0
(0, 1, 1, 1, 1, 2, 1)	27818.0
(0, 1, 1, 1, 1, 2, 2)	15959.0
(0, 1, 1, 1, 2, 0, 0)	33840.0
(0, 1, 1, 1, 2, 0, 1)	33914.0
(0, 1, 1, 1, 2, 0, 2)	32082.0
(0, 1, 1, 1, 2, 1, 0)	33998.0
(0, 1, 1, 1, 2, 1, 1)	34069.0
(0, 1, 1, 1, 2, 1, 2)	32865.0
(0, 1, 1, 1, 2, 2, 0)	26928.0
(0, 1, 1, 1, 2, 2, 1)	27678.0
(0, 1, 1, 1, 2, 2, 2)	15408.0
(0, 1, 1, 2, 0, 0, 0)	8674.0
(0, 1, 1, 2, 0, 0, 1)	13835.0
(0, 1, 1, 2, 0, 0, 2)	6714.0
(0, 1, 1, 2, 0, 1, 0)	17327.0
(0, 1, 1, 2, 0, 1, 1)	23680.0
(0, 1, 1, 2, 0, 1, 2)	15694.0
(0, 1, 1, 2, 0, 2, 0)	3360.0
(0, 1, 1, 2, 0, 2, 1)	4593.0
(0, 1, 1, 2, 0, 2, 2)	2542.0
(0, 1, 1, 2, 1, 0, 0)	13878.0
(0, 1, 1, 2, 1, 0, 1)	15497.0
(0, 1, 1, 2, 1, 0, 2)	11843.0
(0, 1, 1, 2, 1, 1, 0)	18119.0
(0, 1, 1, 2, 1, 1, 1)	23686.0
(0, 1, 1, 2, 1, 1, 2)	16721.0
(0, 1, 1, 2, 1, 2, 0)	4179.0
(0, 1, 1, 2, 1, 2, 1)	5474.0
(0, 1, 1, 2, 1, 2, 2)	3539.0
(0, 1, 1, 2, 2, 0, 0)	8646.0
(0, 1, 1, 2, 2, 0, 1)	13727.0
(0, 1, 1, 2, 2, 0, 2)	6654.0
(0, 1, 1, 2, 2, 1, 0)	17257.0
(0, 1, 1, 2, 2, 1, 1)	23610.0
(0, 1, 1, 2, 2, 1, 2)	15362.0
(0, 1, 1, 2, 2, 2, 0)	3338.0
(0, 1, 1, 2, 2, 2, 1)	4562.0
(0, 1, 1, 2, 2, 2, 2)	2503.0
(0, 1, 2, 0, 0, 0, 0)	3758.0
(0, 1, 2, 0, 0, 0, 1)	16149.0
(0, 1, 2, 0, 0, 0, 2)	3058.0
(0, 1, 2, 0, 0, 1, 0)	27582.0
(0, 1, 2, 0, 0, 1, 1)	29082.0
(0, 1, 2, 0, 0, 1, 2)	16371.0
(0, 1, 2, 0, 0, 2, 0)	2553.0
(0, 1, 2, 0, 0, 2, 1)	7622.0
(0, 1, 2, 0, 0, 2, 2)	963.0
(0, 1, 2, 0, 1, 0, 0)	3804.0
(0, 1, 2, 0, 1, 0, 1)	16511.0
(0, 1, 2, 0, 1, 0, 2)	3089.0
(0, 1, 2, 0, 1, 1, 0)	27671.0
(0, 1, 2, 0, 1, 1, 1)	29562.0
(0, 1, 2, 0, 1, 1, 2)	16881.0
(0, 1, 2, 0, 1, 2, 0)	2584.0
(0, 1, 2, 0, 1, 2, 1)	8126.0
(0, 1, 2, 0, 1, 2, 2)	994.0
(0, 1, 2, 0, 2, 0, 0)	3420.0
(0, 1, 2, 0, 2, 0, 1)	11220.0
(0, 1, 2, 0, 2, 0, 2)	2971.0
(0, 1, 2, 0, 2, 1, 0)	26926.0
(0, 1, 2, 0, 2, 1, 1)	28186.0
(0, 1, 2, 0, 2, 1, 2)	16305.0
(0, 1, 2, 0, 2, 2, 0)	937.0
(0, 1, 2, 0, 2, 2, 1)	4155.0
(0, 1, 2, 0, 2, 2, 2)	856.0
(0, 1, 2, 1, 0, 0, 0)	28443.0
(0, 1, 2, 1, 0, 0, 1)	29153.0
(0, 1, 2, 1, 0, 0, 2)	23219.0
(0, 1, 2, 1, 0, 1, 0)	32304.0
(0, 1, 2, 1, 0, 1, 1)	32725.0
(0, 1, 2, 1, 0, 1, 2)	28943.0
(0, 1, 2, 1, 0, 2, 0)	18037.0
(0, 1, 2, 1, 0, 2, 1)	18828.0
(0, 1, 2, 1, 0, 2, 2)	7164.0
(0, 1, 2, 1, 1, 0, 0)	28771.0
(0, 1, 2, 1, 1, 0, 1)	29421.0
(0, 1, 2, 1, 1, 0, 2)	23415.0
(0, 1, 2, 1, 1, 1, 0)	32376.0
(0, 1, 2, 1, 1, 1, 1)	32800.0
(0, 1, 2, 1, 1, 1, 2)	29339.0
(0, 1, 2, 1, 1, 2, 0)	18224.0
(0, 1, 2, 1, 1, 2, 1)	19077.0
(0, 1, 2, 1, 1, 2, 2)	7195.0
(0, 1, 2, 1, 2, 0, 0)	24077.0
(0, 1, 2, 1, 2, 0, 1)	25531.0
(0, 1, 2, 1, 2, 0, 2)	21470.0
(0, 1, 2, 1, 2, 1, 0)	31556.0
(0, 1, 2, 1, 2, 1, 1)	31915.0
(0, 1, 2, 1, 2, 1, 2)	28871.0
(0, 1, 2, 1, 2, 2, 0)	12404.0
(0, 1, 2, 1, 2, 2, 1)	15068.0
(0, 1, 2, 1, 2, 2, 2)	6104.0
(0, 1, 2, 2, 0, 0, 0)	729.0
(0, 1, 2, 2, 0, 0, 1)	1623.0
(0, 1, 2, 2, 0, 0, 2)	723.0
(0, 1, 2, 2, 0, 1, 0)	4427.0
(0, 1, 2, 2, 0, 1, 1)	11724.0
(0, 1, 2, 2, 0, 1, 2)	3725.0
(0, 1, 2, 2, 0, 2, 0)	600.0
(0, 1, 2, 2, 0, 2, 1)	1283.0
(0, 1, 2, 2, 0, 2, 2)	594.0
(0, 1, 2, 2, 1, 0, 0)	760.0
(0, 1, 2, 2, 1, 0, 1)	1713.0
(0, 1, 2, 2, 1, 0, 2)	754.0
(0, 1, 2, 2, 1, 1, 0)	4458.0
(0, 1, 2, 2, 1, 1, 1)	12462.0
(0, 1, 2, 2, 1, 1, 2)	3756.0
(0, 1, 2, 2, 1, 2, 0)	631.0
(0, 1, 2, 2, 1, 2, 1)	1373.0
(0, 1, 2, 2, 1, 2, 2)	625.0
(0, 1, 2, 2, 2, 0, 0)	724.0
(0, 1, 2, 2, 2, 0, 1)	1544.0
(0, 1, 2, 2, 2, 0, 2)	718.0
(0, 1, 2, 2, 2, 1, 0)	3947.0
(0, 1, 2, 2, 2, 1, 1)	10504.0
(0, 1, 2, 2, 2, 1, 2)	3622.0
(0, 1, 2, 2, 2, 2, 0)	600.0
(0, 1, 2, 2, 2, 2, 1)	1234.0
(0, 1, 2, 2, 2, 2, 2)	594.0
(0, 2, 0, 0, 0, 0, 0)	0.0
(0, 2, 0, 0, 0, 0, 1)	2176.0
(0, 2, 0, 0, 0, 0, 2)	0.0
(0, 2, 0, 0, 0, 1, 0)	7225.0
(0, 2, 0, 0, 0, 1, 1)	19588.0
(0, 2, 0, 0, 0, 1, 2)	4336.0
(0, 2, 0, 0, 0, 2, 0)	0.0
(0, 2, 0, 0, 0, 2, 1)	1643.0
(0, 2, 0, 0, 0, 2, 2)	0.0
(0, 2, 0, 0, 1, 0, 0)	31.0
(0, 2, 0, 0, 1, 0, 1)	2538.0
(0, 2, 0, 0, 1, 0, 2)	31.0
(0, 2, 0, 0, 1, 1, 0)	7262.0
(0, 2, 0, 0, 1, 1, 1)	22085.0
(0, 2, 0, 0, 1, 1, 2)	4367.0
(0, 2, 0, 0, 1, 2, 0)	31.0
(0, 2, 0, 0, 1, 2, 1)	1869.0
(0, 2, 0, 0, 1, 2, 2)	31.0
(0, 2, 0, 0, 2, 0, 0)	0.0
(0, 2, 0, 0, 2, 0, 1)	1930.0
(0, 2, 0, 0, 2, 0, 2)	0.0
(0, 2, 0, 0, 2, 1, 0)	6879.0
(0, 2, 0, 0, 2, 1, 1)	18438.0
(0, 2, 0, 0, 2, 1, 2)	4236.0
(0, 2, 0, 0, 2, 2, 0)	0.0
(0, 2, 0, 0, 2, 2, 1)	1514.0
(0, 2, 0, 0, 2, 2, 2)	0.0
(0, 2, 0, 1, 0, 0, 0)	20374.0
(0, 2, 0, 1, 0, 0, 1)	22690.0
(0, 2, 0, 1, 0, 0, 2)	10657.0
(0, 2, 0, 1, 0, 1, 0)	27707.0
(0, 2, 0, 1, 0, 1, 1)	28590.0
(0, 2, 0, 1, 0, 1, 2)	23892.0
(0, 2, 0, 1, 0, 2, 0)	6537.0
(0, 2, 0, 1, 0, 2, 1)	9212.0
(0, 2, 0, 1, 0, 2, 2)	3866.0
(0, 2, 0, 1, 1, 0, 0)	21084.0
(0, 2, 0, 1, 1, 0, 1)	22872.0
(0, 2, 0, 1, 1, 0, 2)	10756.0
(0, 2, 0, 1, 1, 1, 0)	27788.0
(0, 2, 0, 1, 1, 1, 1)	28905.0
(0, 2, 0, 1, 1, 1, 2)	23978.0
(0, 2, 0, 1, 1, 2, 0)	6836.0
(0, 2, 0, 1, 1, 2, 1)	9608.0
(0, 2, 0, 1, 1, 2, 2)	3954.0
(0, 2, 0, 1, 2, 0, 0)	17540.0
(0, 2, 0, 1, 2, 0, 1)	20785.0
(0, 2, 0, 1, 2, 0, 2)	8839.0
(0, 2, 0, 1, 2, 1, 0)	26625.0
(0, 2, 0, 1, 2, 1, 1)	27962.0
(0, 2, 0, 1, 2, 1, 2)	23604.0
(0, 2, 0, 1, 2, 2, 0)	6295.0
(0, 2, 0, 1, 2, 2, 1)	8744.0
(0, 2, 0, 1, 2, 2, 2)	3646.0
(0, 2, 0, 2, 0, 0, 0)	0.0
(0, 2, 0, 2, 0, 0, 1)	816.0
(0, 2, 0, 2, 0, 0, 2)	0.0
(0, 2, 0, 2, 0, 1, 0)	2039.0
(0, 2, 0, 2, 0, 1, 1)	5607.0
(0, 2, 0, 2, 0, 1, 2)	1750.0
(0, 2, 0, 2, 0, 2, 0)	0.0
(0, 2, 0, 2, 0, 2, 1)	793.0
(0, 2, 0, 2, 0, 2, 2)	0.0
(0, 2, 0, 2, 1, 0, 0)	31.0
(0, 2, 0, 2, 1, 0, 1)	954.0
(0, 2, 0, 2, 1, 0, 2)	31.0
(0, 2, 0, 2, 1, 1, 0)	2070.0
(0, 2, 0, 2, 1, 1, 1)	5773.0
(0, 2, 0, 2, 1, 1, 2)	1781.0
(0, 2, 0, 2, 1, 2, 0)	31.0
(0, 2, 0, 2, 1, 2, 1)	923.0
(0, 2, 0, 2, 1, 2, 2)	31.0
(0, 2, 0, 2, 2, 0, 0)	0.0
(0, 2, 0, 2, 2, 0, 1)	796.0
(0, 2, 0, 2, 2, 0, 2)	0.0
(0, 2, 0, 2, 2, 1, 0)	1987.0
(0, 2, 0, 2, 2, 1, 1)	5530.0
(0, 2, 0, 2, 2, 1, 2)	1719.0
(0, 2, 0, 2, 2, 2, 0)	0.0
(0, 2, 0, 2, 2, 2, 1)	775.0
(0, 2, 0, 2, 2, 2, 2)	0.0
(0, 2, 1, 0, 0, 0, 0)	3139.0
(0, 2, 1, 0, 0, 0, 1)	8040.0
(0, 2, 1, 0, 0, 0, 2)	2248.0
(0, 2, 1, 0, 0, 1, 0)	30183.0
(0, 2, 1, 0, 0, 1, 1)	30732.0
(0, 2, 1, 0, 0, 1, 2)	17088.0
(0, 2, 1, 0, 0, 2, 0)	2130.0
(0, 2, 1, 0, 0, 2, 1)	5533.0
(0, 2, 1, 0, 0, 2, 2)	1657.0
(0, 2, 1, 0, 1, 0, 0)	24392.0
(0, 2, 1, 0, 1, 0, 1)	26538.0
(0, 2, 1, 0, 1, 0, 2)	6918.0
(0, 2, 1, 0, 1, 1, 0)	31013.0
(0, 2, 1, 0, 1, 1, 1)	31399.0
(0, 2, 1, 0, 1, 1, 2)	18682.0
(0, 2, 1, 0, 1, 2, 0)	2563.0
(0, 2, 1, 0, 1, 2, 1)	5784.0
(0, 2, 1, 0, 1, 2, 2)	1893.0
(0, 2, 1, 0, 2, 0, 0)	3126.0
(0, 2, 1, 0, 2, 0, 1)	7970.0
(0, 2, 1, 0, 2, 0, 2)	2060.0
(0, 2, 1, 0, 2, 1, 0)	30108.0
(0, 2, 1, 0, 2, 1, 1)	30669.0
(0, 2, 1, 0, 2, 1, 2)	16803.0
(0, 2, 1, 0, 2, 2, 0)	2117.0
(0, 2, 1, 0, 2, 2, 1)	5498.0
(0, 2, 1, 0, 2, 2, 2)	1516.0
(0, 2, 1, 1, 0, 0, 0)	28143.0
(0, 2, 1, 1, 0, 0, 1)	28314.0
(0, 2, 1, 1, 0, 0, 2)	25090.0
(0, 2, 1, 1, 0, 1, 0)	32120.0
(0, 2, 1, 1, 0, 1, 1)	32433.0
(0, 2, 1, 1, 0, 1, 2)	30477.0
(0, 2, 1, 1, 0, 2, 0)	13796.0
(0, 2, 1, 1, 0, 2, 1)	15941.0
(0, 2, 1, 1, 0, 2, 2)	7933.0
(0, 2, 1, 1, 1, 0, 0)	32151.0
(0, 2, 1, 1, 1, 0, 1)	32254.0
(0, 2, 1, 1, 1, 0, 2)	29733.0
(0, 2, 1, 1, 1, 1, 0)	32323.0
(0, 2, 1, 1, 1, 1, 1)	32555.0
(0, 2, 1, 1, 1, 1, 2)	30805.0
(0, 2, 1, 1, 1, 2, 0)	15220.0
(0, 2, 1, 1, 1, 2, 1)	16947.0
(0, 2, 1, 1, 1, 2, 2)	8754.0
(0, 2, 1, 1, 2, 0, 0)	28073.0
(0, 2, 1, 1, 2, 0, 1)	28245.0
(0, 2, 1, 1, 2, 0, 2)	24702.0
(0, 2, 1, 1, 2, 1, 0)	32058.0
(0, 2, 1, 1, 2, 1, 1)	32372.0
(0, 2, 1, 1, 2, 1, 2)	30041.0
(0, 2, 1, 1, 2, 2, 0)	13745.0
(0, 2, 1, 1, 2, 2, 1)	15914.0
(0, 2, 1, 1, 2, 2, 2)	7573.0
(0, 2, 1, 2, 0, 0, 0)	811.0
(0, 2, 1, 2, 0, 0, 1)	2094.0
(0, 2, 1, 2, 0, 0, 2)	769.0
(0, 2, 1, 2, 0, 1, 0)	3668.0
(0, 2, 1, 2, 0, 1, 1)	13722.0
(0, 2, 1, 2, 0, 1, 2)	3447.0
(0, 2, 1, 2, 0, 2, 0)	756.0
(0, 2, 1, 2, 0, 2, 1)	1833.0
(0, 2, 1, 2, 0, 2, 2)	632.0
(0, 2, 1, 2, 1, 0, 0)	3378.0
(0, 2, 1, 2, 1, 0, 1)	4622.0
(0, 2, 1, 2, 1, 0, 2)	3032.0
(0, 2, 1, 2, 1, 1, 0)	6697.0
(0, 2, 1, 2, 1, 1, 1)	14426.0
(0, 2, 1, 2, 1, 1, 2)	5275.0
(0, 2, 1, 2, 1, 2, 0)	1351.0
(0, 2, 1, 2, 1, 2, 1)	2391.0
(0, 2, 1, 2, 1, 2, 2)	950.0
(0, 2, 1, 2, 2, 0, 0)	799.0
(0, 2, 1, 2, 2, 0, 1)	2051.0
(0, 2, 1, 2, 2, 0, 2)	756.0
(0, 2, 1, 2, 2, 1, 0)	3651.0
(0, 2, 1, 2, 2, 1, 1)	13663.0
(0, 2, 1, 2, 2, 1, 2)	3343.0
(0, 2, 1, 2, 2, 2, 0)	744.0
(0, 2, 1, 2, 2, 2, 1)	1790.0
(0, 2, 1, 2, 2, 2, 2)	619.0
(0, 2, 2, 0, 0, 0, 0)	0.0
(0, 2, 2, 0, 0, 0, 1)	1809.0
(0, 2, 2, 0, 0, 0, 2)	0.0
(0, 2, 2, 0, 0, 1, 0)	5669.0
(0, 2, 2, 0, 0, 1, 1)	14163.0
(0, 2, 2, 0, 0, 1, 2)	3627.0
(0, 2, 2, 0, 0, 2, 0)	0.0
(0, 2, 2, 0, 0, 2, 1)	1190.0
(0, 2, 2, 0, 0, 2, 2)	0.0
(0, 2, 2, 0, 1, 0, 0)	31.0
(0, 2, 2, 0, 1, 0, 1)	1857.0
(0, 2, 2, 0, 1, 0, 2)	31.0
(0, 2, 2, 0, 1, 1, 0)	5700.0
(0, 2, 2, 0, 1, 1, 1)	14228.0
(0, 2, 2, 0, 1, 1, 2)	3658.0
(0, 2, 2, 0, 1, 2, 0)	31.0
(0, 2, 2, 0, 1, 2, 1)	1238.0
(0, 2, 2, 0, 1, 2, 2)	31.0
(0, 2, 2, 0, 2, 0, 0)	0.0
(0, 2, 2, 0, 2, 0, 1)	1514.0
(0, 2, 2, 0, 2, 0, 2)	0.0
(0, 2, 2, 0, 2, 1, 0)	5026.0
(0, 2, 2, 0, 2, 1, 1)	11325.0
(0, 2, 2, 0, 2, 1, 2)	3325.0
(0, 2, 2, 0, 2, 2, 0)	0.0
(0, 2, 2, 0, 2, 2, 1)	1179.0
(0, 2, 2, 0, 2, 2, 2)	0.0
(0, 2, 2, 1, 0, 0, 0)	8761.0
(0, 2, 2, 1, 0, 0, 1)	12726.0
(0, 2, 2, 1, 0, 0, 2)	7337.0
(0, 2, 2, 1, 0, 1, 0)	22169.0
(0, 2, 2, 1, 0, 1, 1)	25410.0
(0, 2, 2, 1, 0, 1, 2)	18566.0
(0, 2, 2, 1, 0, 2, 0)	5466.0
(0, 2, 2, 1, 0, 2, 1)	6399.0
(0, 2, 2, 1, 0, 2, 2)	3373.0
(0, 2, 2, 1, 1, 0, 0)	8813.0
(0, 2, 2, 1, 1, 0, 1)	12849.0
(0, 2, 2, 1, 1, 0, 2)	7368.0
(0, 2, 2, 1, 1, 1, 0)	22270.0
(0, 2, 2, 1, 1, 1, 1)	25599.0
(0, 2, 2, 1, 1, 1, 2)	18649.0
(0, 2, 2, 1, 1, 2, 0)	5508.0
(0, 2, 2, 1, 1, 2, 1)	6449.0
(0, 2, 2, 1, 1, 2, 2)	3404.0
(0, 2, 2, 1, 2, 0, 0)	6768.0
(0, 2, 2, 1, 2, 0, 1)	9011.0
(0, 2, 2, 1, 2, 0, 2)	6139.0
(0, 2, 2, 1, 2, 1, 0)	20125.0
(0, 2, 2, 1, 2, 1, 1)	22847.0
(0, 2, 2, 1, 2, 1, 2)	16332.0
(0, 2, 2, 1, 2, 2, 0)	4916.0
(0, 2, 2, 1, 2, 2, 1)	5793.0
(0, 2, 2, 1, 2, 2, 2)	3043.0
(0, 2, 2, 2, 0, 0, 0)	0.0
(0, 2, 2, 2, 0, 0, 1)	788.0
(0, 2, 2, 2, 0, 0, 2)	0.0
(0, 2, 2, 2, 0, 1, 0)	1850.0
(0, 2, 2, 2, 0, 1, 1)	4691.0
(0, 2, 2, 2, 0, 1, 2)	1593.0
(0, 2, 2, 2, 0, 2, 0)	0.0
(0, 2, 2, 2, 0, 2, 1)	608.0
(0, 2, 2, 2, 0, 2, 2)	0.0
(0, 2, 2, 2, 1, 0, 0)	31.0
(0, 2, 2, 2, 1, 0, 1)	835.0
(0, 2, 2, 2, 1, 0, 2)	31.0
(0, 2, 2, 2, 1, 1, 0)	1881.0
(0, 2, 2, 2, 1, 1, 1)	4739.0
(0, 2, 2, 2, 1, 1, 2)	1624.0
(0, 2, 2, 2, 1, 2, 0)	31.0
(0, 2, 2, 2, 1, 2, 1)	655.0
(0, 2, 2, 2, 1, 2, 2)	31.0
(0, 2, 2, 2, 2, 0, 0)	0.0
(0, 2, 2, 2, 2, 0, 1)	782.0
(0, 2, 2, 2, 2, 0, 2)	0.0
(0, 2, 2, 2, 2, 1, 0)	1583.0
(0, 2, 2, 2, 2, 1, 1)	4559.0
(0, 2, 2, 2, 2, 1, 2)	1299.0
(0, 2, 2, 2, 2, 2, 0)	0.0
(0, 2, 2, 2, 2, 2, 1)	604.0
(0, 2, 2, 2, 2, 2, 2)	0.0
(1, 0, 0, 0, 0, 0, 0)	34139.0
(1, 0, 0, 0, 0, 0, 1)	34236.0
(1, 0, 0, 0, 0, 0, 2)	19331.0
(1, 0, 0, 0, 0, 1, 0)	34248.0
(1, 0, 0, 0, 0, 1, 1)	34331.0
(1, 0, 0, 0, 0, 1, 2)	29226.0
(1, 0, 0, 0, 0, 2, 0)	3359.0
(1, 0, 0, 0, 0, 2, 1)	7221.0
(1, 0, 0, 0, 0, 2, 2)	2488.0
(1, 0, 0, 0, 1, 0, 0)	34140.0
(1, 0, 0, 0, 1, 0, 1)	34237.0
(1, 0, 0, 0, 1, 0, 2)	21220.0
(1, 0, 0, 0, 1, 1, 0)	34257.0
(1, 0, 0, 0, 1, 1, 1)	34340.0
(1, 0, 0, 0, 1, 1, 2)	29653.0
(1, 0, 0, 0, 1, 2, 0)	4287.0
(1, 0, 0, 0, 1, 2, 1)	7795.0
(1, 0, 0, 0, 1, 2, 2)	3043.0
(1, 0, 0, 0, 2, 0, 0)	33874.0
(1, 0, 0, 0, 2, 0, 1)	33969.0
(1, 0, 0, 0, 2, 0, 2)	19015.0
(1, 0, 0, 0, 2, 1, 0)	34047.0
(1, 0, 0, 0, 2, 1, 1)	34126.0
(1, 0, 0, 0, 2, 1, 2)	28720.0
(1, 0, 0, 0, 2, 2, 0)	3323.0
(1, 0, 0, 0, 2, 2, 1)	7194.0
(1, 0, 0, 0, 2, 2, 2)	2344.0
(1, 0, 0, 1, 0, 0, 0)	34221.0
(1, 0, 0, 1, 0, 0, 1)	34319.0
(1, 0, 0, 1, 0, 0, 2)	31912.0
(1, 0, 0, 1, 0, 1, 0)	34330.0
(1, 0, 0, 1, 0, 1, 1)	34417.0
(1, 0, 0, 1, 0, 1, 2)	32179.0
(1, 0, 0, 1, 0, 2, 0)	24281.0
(1, 0, 0, 1, 0, 2, 1)	27465.0
(1, 0, 0, 1, 0, 2, 2)	9889.0
(1, 0, 0, 1, 1, 0, 0)	34232.0
(1, 0, 0, 1, 1, 0, 1)	34327.0
(1, 0, 0, 1, 1, 0, 2)	32337.0
(1, 0, 0, 1, 1, 1, 0)	34344.0
(1, 0, 0, 1, 1, 1, 1)	34431.0
(1, 0, 0, 1, 1, 1, 2)	32576.0
(1, 0, 0, 1, 1, 2, 0)	24506.0
(1, 0, 0, 1, 1, 2, 1)	27514.0
(1, 0, 0, 1, 1, 2, 2)	10744.0
(1, 0, 0, 1, 2, 0, 0)	33954.0
(1, 0, 0, 1, 2, 0, 1)	34068.0
(1, 0, 0, 1, 2, 0, 2)	31779.0
(1, 0, 0, 1, 2, 1, 0)	34129.0
(1, 0, 0, 1, 2, 1, 1)	34230.0
(1, 0, 0, 1, 2, 1, 2)	32081.0
(1, 0, 0, 1, 2, 2, 0)	24213.0
(1, 0, 0, 1, 2, 2, 1)	27411.0
(1, 0, 0, 1, 2, 2, 2)	9675.0
(1, 0, 0, 2, 0, 0, 0)	2114.0
(1, 0, 0, 2, 0, 0, 1)	3304.0
(1, 0, 0, 2, 0, 0, 2)	1401.0
(1, 0, 0, 2, 0, 1, 0)	12939.0
(1, 0, 0, 2, 0, 1, 1)	20956.0
(1, 0, 0, 2, 0, 1, 2)	4705.0
(1, 0, 0, 2, 0, 2, 0)	1461.0
(1, 0, 0, 2, 0, 2, 1)	2667.0
(1, 0, 0, 2, 0, 2, 2)	791.0
(1, 0, 0, 2, 1, 0, 0)	2464.0
(1, 0, 0, 2, 1, 0, 1)	3581.0
(1, 0, 0, 2, 1, 0, 2)	1831.0
(1, 0, 0, 2, 1, 1, 0)	13531.0
(1, 0, 0, 2, 1, 1, 1)	21103.0
(1, 0, 0, 2, 1, 1, 2)	5207.0
(1, 0, 0, 2, 1, 2, 0)	1914.0
(1, 0, 0, 2, 1, 2, 1)	3019.0
(1, 0, 0, 2, 1, 2, 2)	1080.0
(1, 0, 0, 2, 2, 0, 0)	2084.0
(1, 0, 0, 2, 2, 0, 1)	3272.0
(1, 0, 0, 2, 2, 0, 2)	1333.0
(1, 0, 0, 2, 2, 1, 0)	12721.0
(1, 0, 0, 2, 2, 1, 1)	20736.0
(1, 0, 0, 2, 2, 1, 2)	4677.0
(1, 0, 0, 2, 2, 2, 0)	1454.0
(1, 0, 0, 2, 2, 2, 1)	2644.0
(1, 0, 0, 2, 2, 2, 2)	789.0
(1, 0, 1, 0, 0, 0, 0)	34310.0
(1, 0, 1, 0, 0, 0, 1)	34396.0
(1, 0, 1, 0, 0, 0, 2)	25892.0
(1, 0, 1, 0, 0, 1, 0)	34409.0
(1, 0, 1, 0, 0, 1, 1)	34500.0
(1, 0, 1, 0, 0, 1, 2)	30596.0
(1, 0, 1, 0, 0, 2, 0)	5383.0
(1, 0, 1, 0, 0, 2, 1)	9892.0
(1, 0, 1, 0, 0, 2, 2)	3826.0
(1, 0, 1, 0, 1, 0, 0)	34317.0
(1, 0, 1, 0, 1, 0, 1)	34406.0
(1, 0, 1, 0, 1, 0, 2)	27679.0
(1, 0, 1, 0, 1, 1, 0)	34421.0
(1, 0, 1, 0, 1, 1, 1)	34505.0
(1, 0, 1, 0, 1, 1, 2)	30976.0
(1, 0, 1, 0, 1, 2, 0)	6794.0
(1, 0, 1, 0, 1, 2, 1)	10981.0
(1, 0, 1, 0, 1, 2, 2)	4614.0
(1, 0, 1, 0, 2, 0, 0)	34042.0
(1, 0, 1, 0, 2, 0, 1)	34133.0
(1, 0, 1, 0, 2, 0, 2)	25284.0
(1, 0, 1, 0, 2, 1, 0)	34206.0
(1, 0, 1, 0, 2, 1, 1)	34289.0
(1, 0, 1, 0, 2, 1, 2)	30502.0
(1, 0, 1, 0, 2, 2, 0)	5262.0
(1, 0, 1, 0, 2, 2, 1)	9843.0
(1, 0, 1, 0, 2, 2, 2)	3774.0
(1, 0, 1, 1, 0, 0, 0)	34385.0
(1, 0, 1, 1, 0, 0, 1)	34493.0
(1, 0, 1, 1, 0, 0, 2)	32091.0
(1, 0, 1, 1, 0, 1, 0)	34495.0
(1, 0, 1, 1, 0, 1, 1)	34587.0
(1, 0, 1, 1, 0, 1, 2)	32869.0
(1, 0, 1, 1, 0, 2, 0)	24800.0
(1, 0, 1, 1, 0, 2, 1)	27586.0
(1, 0, 1, 1, 0, 2, 2)	12160.0
(1, 0, 1, 1, 1, 0, 0)	34398.0
(1, 0, 1, 1, 1, 0, 1)	34503.0
(1, 0, 1, 1, 1, 0, 2)	32514.0
(1, 0, 1, 1, 1, 1, 0)	34505.0
(1, 0, 1, 1, 1, 1, 1)	34598.0
(1, 0, 1, 1, 1, 1, 2)	33266.0
(1, 0, 1, 1, 1, 2, 0)	26013.0
(1, 0, 1, 1, 1, 2, 1)	28246.0
(1, 0, 1, 1, 1, 2, 2)	13356.0
(1, 0, 1, 1, 2, 0, 0)	34117.0
(1, 0, 1, 1, 2, 0, 1)	34237.0
(1, 0, 1, 1, 2, 0, 2)	31946.0
(1, 0, 1, 1, 2, 1, 0)	34289.0
(1, 0, 1, 1, 2, 1, 1)	34396.0
(1, 0, 1, 1, 2, 1, 2)	32773.0
(1, 0, 1, 1, 2, 2, 0)	24746.0
(1, 0, 1, 1, 2, 2, 1)	27529.0
(1, 0, 1, 1, 2, 2, 2)	11953.0
(1, 0, 1, 2, 0, 0, 0)	9622.0
(1, 0, 1, 2, 0, 0, 1)	10401.0
(1, 0, 1, 2, 0, 0, 2)	3925.0
(1, 0, 1, 2, 0, 1, 0)	14886.0
(1, 0, 1, 2, 0, 1, 1)	22719.0
(1, 0, 1, 2, 0, 1, 2)	6211.0
(1, 0, 1, 2, 0, 2, 0)	2726.0
(1, 0, 1, 2, 0, 2, 1)	3932.0
(1, 0, 1, 2, 0, 2, 2)	1433.0
(1, 0, 1, 2, 1, 0, 0)	10164.0
(1, 0, 1, 2, 1, 0, 1)	14751.0
(1, 0, 1, 2, 1, 0, 2)	4947.0
(1, 0, 1, 2, 1, 1, 0)	15493.0
(1, 0, 1, 2, 1, 1, 1)	22825.0
(1, 0, 1, 2, 1, 1, 2)	6983.0
(1, 0, 1, 2, 1, 2, 0)	3446.0
(1, 0, 1, 2, 1, 2, 1)	4640.0
(1, 0, 1, 2, 1, 2, 2)	2005.0
(1, 0, 1, 2, 2, 0, 0)	9577.0
(1, 0, 1, 2, 2, 0, 1)	10351.0
(1, 0, 1, 2, 2, 0, 2)	3906.0
(1, 0, 1, 2, 2, 1, 0)	14748.0
(1, 0, 1, 2, 2, 1, 1)	22646.0
(1, 0, 1, 2, 2, 1, 2)	6165.0
(1, 0, 1, 2, 2, 2, 0)	2525.0
(1, 0, 1, 2, 2, 2, 1)	3712.0
(1, 0, 1, 2, 2, 2, 2)	1418.0
(1, 0, 2, 0, 0, 0, 0)	1083.0
(1, 0, 2, 0, 0, 0, 1)	6622.0
(1, 0, 2, 0, 0, 0, 2)	952.0
(1, 0, 2, 0, 0, 1, 0)	30828.0
(1, 0, 2, 0, 0, 1, 1)	31591.0
(1, 0, 2, 0, 0, 1, 2)	22449.0
(1, 0, 2, 0, 0, 2, 0)	905.0
(1, 0, 2, 0, 0, 2, 1)	3025.0
(1, 0, 2, 0, 0, 2, 2)	759.0
(1, 0, 2, 0, 1, 0, 0)	1792.0
(1, 0, 2, 0, 1, 0, 1)	7131.0
(1, 0, 2, 0, 1, 0, 2)	1484.0
(1, 0, 2, 0, 1, 1, 0)	30854.0
(1, 0, 2, 0, 1, 1, 1)	31614.0
(1, 0, 2, 0, 1, 1, 2)	23360.0
(1, 0, 2, 0, 1, 2, 0)	1386.0
(1, 0, 2, 0, 1, 2, 1)	3185.0
(1, 0, 2, 0, 1, 2, 2)	1289.0
(1, 0, 2, 0, 2, 0, 0)	453.0
(1, 0, 2, 0, 2, 0, 1)	4428.0
(1, 0, 2, 0, 2, 0, 2)	453.0
(1, 0, 2, 0, 2, 1, 0)	23515.0
(1, 0, 2, 0, 2, 1, 1)	28774.0
(1, 0, 2, 0, 2, 1, 2)	13296.0
(1, 0, 2, 0, 2, 2, 0)	423.0
(1, 0, 2, 0, 2, 2, 1)	2263.0
(1, 0, 2, 0, 2, 2, 2)	420.0
(1, 0, 2, 1, 0, 0, 0)	25589.0
(1, 0, 2, 1, 0, 0, 1)	28150.0
(1, 0, 2, 1, 0, 0, 2)	20442.0
(1, 0, 2, 1, 0, 1, 0)	31935.0
(1, 0, 2, 1, 0, 1, 1)	32120.0
(1, 0, 2, 1, 0, 1, 2)	29713.0
(1, 0, 2, 1, 0, 2, 0)	12310.0
(1, 0, 2, 1, 0, 2, 1)	19948.0
(1, 0, 2, 1, 0, 2, 2)	5889.0
(1, 0, 2, 1, 1, 0, 0)	25718.0
(1, 0, 2, 1, 1, 0, 1)	28232.0
(1, 0, 2, 1, 1, 0, 2)	23037.0
(1, 0, 2, 1, 1, 1, 0)	31962.0
(1, 0, 2, 1, 1, 1, 1)	32149.0
(1, 0, 2, 1, 1, 1, 2)	29950.0
(1, 0, 2, 1, 1, 2, 0)	13775.0
(1, 0, 2, 1, 1, 2, 1)	20107.0
(1, 0, 2, 1, 1, 2, 2)	6276.0
(1, 0, 2, 1, 2, 0, 0)	18530.0
(1, 0, 2, 1, 2, 0, 1)	25900.0
(1, 0, 2, 1, 2, 0, 2)	13817.0
(1, 0, 2, 1, 2, 1, 0)	30704.0
(1, 0, 2, 1, 2, 1, 1)	31830.0
(1, 0, 2, 1, 2, 1, 2)	27616.0
(1, 0, 2, 1, 2, 2, 0)	11209.0
(1, 0, 2, 1, 2, 2, 1)	19590.0
(1, 0, 2, 1, 2, 2, 2)	5091.0
(1, 0, 2, 2, 0, 0, 0)	533.0
(1, 0, 2, 2, 0, 0, 1)	1478.0
(1, 0, 2, 2, 0, 0, 2)	461.0
(1, 0, 2, 2, 0, 1, 0)	5267.0
(1, 0, 2, 2, 0, 1, 1)	15040.0
(1, 0, 2, 2, 0, 1, 2)	3518.0
(1, 0, 2, 2, 0, 2, 0)	443.0
(1, 0, 2, 2, 0, 2, 1)	1196.0
(1, 0, 2, 2, 0, 2, 2)	343.0
(1, 0, 2, 2, 1, 0, 0)	965.0
(1, 0, 2, 2, 1, 0, 1)	1750.0
(1, 0, 2, 2, 1, 0, 2)	841.0
(1, 0, 2, 2, 1, 1, 0)	6020.0
(1, 0, 2, 2, 1, 1, 1)	15373.0
(1, 0, 2, 2, 1, 1, 2)	3968.0
(1, 0, 2, 2, 1, 2, 0)	866.0
(1, 0, 2, 2, 1, 2, 1)	1464.0
(1, 0, 2, 2, 1, 2, 2)	637.0
(1, 0, 2, 2, 2, 0, 0)	210.0
(1, 0, 2, 2, 2, 0, 1)	1225.0
(1, 0, 2, 2, 2, 0, 2)	210.0
(1, 0, 2, 2, 2, 1, 0)	3165.0
(1, 0, 2, 2, 2, 1, 1)	11942.0
(1, 0, 2, 2, 2, 1, 2)	1882.0
(1, 0, 2, 2, 2, 2, 0)	210.0
(1, 0, 2, 2, 2, 2, 1)	931.0
(1, 0, 2, 2, 2, 2, 2)	204.0
(1, 1, 0, 0, 0, 0, 0)	34161.0
(1, 1, 0, 0, 0, 0, 1)	34263.0
(1, 1, 0, 0, 0, 0, 2)	28352.0
(1, 1, 0, 0, 0, 1, 0)	34266.0
(1, 1, 0, 0, 0, 1, 1)	34354.0
(1, 1, 0, 0, 0, 1, 2)	29839.0
(1, 1, 0, 0, 0, 2, 0)	20858.0
(1, 1, 0, 0, 0, 2, 1)	25966.0
(1, 1, 0, 0, 0, 2, 2)	6942.0
(1, 1, 0, 0, 1, 0, 0)	34168.0
(1, 1, 0, 0, 1, 0, 1)	34268.0
(1, 1, 0, 0, 1, 0, 2)	28726.0
(1, 1, 0, 0, 1, 1, 0)	34277.0
(1, 1, 0, 0, 1, 1, 1)	34368.0
(1, 1, 0, 0, 1, 1, 2)	30173.0
(1, 1, 0, 0, 1, 2, 0)	20936.0
(1, 1, 0, 0, 1, 2, 1)	26187.0
(1, 1, 0, 0, 1, 2, 2)	7338.0
(1, 1, 0, 0, 2, 0, 0)	33895.0
(1, 1, 0, 0, 2, 0, 1)	33996.0
(1, 1, 0, 0, 2, 0, 2)	28233.0
(1, 1, 0, 0, 2, 1, 0)	34063.0
(1, 1, 0, 0, 2, 1, 1)	34155.0
(1, 1, 0, 0, 2, 1, 2)	29778.0
(1, 1, 0, 0, 2, 2, 0)	20802.0
(1, 1, 0, 0, 2, 2, 1)	25913.0
(1, 1, 0, 0, 2, 2, 2)	6841.0
(1, 1, 0, 1, 0, 0, 0)	34246.0
(1, 1, 0, 1, 0, 0, 1)	34341.0
(1, 1, 0, 1, 0, 0, 2)	32078.0
(1, 1, 0, 1, 0, 1, 0)	34348.0
(1, 1, 0, 1, 0, 1, 1)	34439.0
(1, 1, 0, 1, 0, 1, 2)	32294.0
(1, 1, 0, 1, 0, 2, 0)	27183.0
(1, 1, 0, 1, 0, 2, 1)	27856.0
(1, 1, 0, 1, 0, 2, 2)	18003.0
(1, 1, 0, 1, 1, 0, 0)	34255.0
(1, 1, 0, 1, 1, 0, 1)	34354.0
(1, 1, 0, 1, 1, 0, 2)	32382.0
(1, 1, 0, 1, 1, 1, 0)	34364.0
(1, 1, 0, 1, 1, 1, 1)	34453.0
(1, 1, 0, 1, 1, 1, 2)	32599.0
(1, 1, 0, 1, 1, 2, 0)	27251.0
(1, 1, 0, 1, 1, 2, 1)	27943.0
(1, 1, 0, 1, 1, 2, 2)	18293.0
(1, 1, 0, 1, 2, 0, 0)	33995.0
(1, 1, 0, 1, 2, 0, 1)	34090.0
(1, 1, 0, 1, 2, 0, 2)	31946.0
(1, 1, 0, 1, 2, 1, 0)	34162.0
(1, 1, 0, 1, 2, 1, 1)	34254.0
(1, 1, 0, 1, 2, 1, 2)	32226.0
(1, 1, 0, 1, 2, 2, 0)	27132.0
(1, 1, 0, 1, 2, 2, 1)	27804.0
(1, 1, 0, 1, 2, 2, 2)	17946.0
(1, 1, 0, 2, 0, 0, 0)	11997.0
(1, 1, 0, 2, 0, 0, 1)	14025.0
(1, 1, 0, 2, 0, 0, 2)	7740.0
(1, 1, 0, 2, 0, 1, 0)	17177.0
(1, 1, 0, 2, 0, 1, 1)	23968.0
(1, 1, 0, 2, 0, 1, 2)	14783.0
(1, 1, 0, 2, 0, 2, 0)	3835.0
(1, 1, 0, 2, 0, 2, 1)	5078.0
(1, 1, 0, 2, 0, 2, 2)	3231.0
(1, 1, 0, 2, 1, 0, 0)	13120.0
(1, 1, 0, 2, 1, 0, 1)	14564.0
(1, 1, 0, 2, 1, 0, 2)	10138.0
(1, 1, 0, 2, 1, 1, 0)	17552.0
(1, 1, 0, 2, 1, 1, 1)	24144.0
(1, 1, 0, 2, 1, 1, 2)	15321.0
(1, 1, 0, 2, 1, 2, 0)	4084.0
(1, 1, 0, 2, 1, 2, 1)	5315.0
(1, 1, 0, 2, 1, 2, 2)	3532.0
(1, 1, 0, 2, 2, 0, 0)	11841.0
(1, 1, 0, 2, 2, 0, 1)	13826.0
(1, 1, 0, 2, 2, 0, 2)	7550.0
(1, 1, 0, 2, 2, 1, 0)	16354.0
(1, 1, 0, 2, 2, 1, 1)	23823.0
(1, 1, 0, 2, 2, 1, 2)	13580.0
(1, 1, 0, 2, 2, 2, 0)	3634.0
(1, 1, 0, 2, 2, 2, 1)	4917.0
(1, 1, 0, 2, 2, 2, 2)	3096.0
(1, 1, 1, 0, 0, 0, 0)	34331.0
(1, 1, 1, 0, 0, 0, 1)	34425.0
(1, 1, 1, 0, 0, 0, 2)	29039.0
(1, 1, 1, 0, 0, 1, 0)	34434.0
(1, 1, 1, 0, 0, 1, 1)	34522.0
(1, 1, 1, 0, 0, 1, 2)	30842.0
(1, 1, 1, 0, 0, 2, 0)	21723.0
(1, 1, 1, 0, 0, 2, 1)	26770.0
(1, 1, 1, 0, 0, 2, 2)	8179.0
(1, 1, 1, 0, 1, 0, 0)	34336.0
(1, 1, 1, 0, 1, 0, 1)	34433.0
(1, 1, 1, 0, 1, 0, 2)	29332.0
(1, 1, 1, 0, 1, 1, 0)	34446.0
(1, 1, 1, 0, 1, 1, 1)	34533.0
(1, 1, 1, 0, 1, 1, 2)	31158.0
(1, 1, 1, 0, 1, 2, 0)	22944.0
(1, 1, 1, 0, 1, 2, 1)	27387.0
(1, 1, 1, 0, 1, 2, 2)	8501.0
(1, 1, 1, 0, 2, 0, 0)	34062.0
(1, 1, 1, 0, 2, 0, 1)	34159.0
(1, 1, 1, 0, 2, 0, 2)	28926.0
(1, 1, 1, 0, 2, 1, 0)	34228.0
(1, 1, 1, 0, 2, 1, 1)	34319.0
(1, 1, 1, 0, 2, 1, 2)	30782.0
(1, 1, 1, 0, 2, 2, 0)	21669.0
(1, 1, 1, 0, 2, 2, 1)	26717.0
(1, 1, 1, 0, 2, 2, 2)	8134.0
(1, 1, 1, 1, 0, 0, 0)	34412.0
(1, 1, 1, 1, 0, 0, 1)	34507.0
(1, 1, 1, 1, 0, 0, 2)	32267.0
(1, 1, 1, 1, 0, 1, 0)	34518.0
(1, 1, 1, 1, 0, 1, 1)	34605.0
(1, 1, 1, 1, 0, 1, 2)	32988.0
(1, 1, 1, 1, 0, 2, 0)	27311.0
(1, 1, 1, 1, 0, 2, 1)	27983.0
(1, 1, 1, 1, 0, 2, 2)	18434.0
(1, 1, 1, 1, 1, 0, 0)	34423.0
(1, 1, 1, 1, 1, 0, 1)	34519.0
(1, 1, 1, 1, 1, 0, 2)	32557.0
(1, 1, 1, 1, 1, 1, 0)	34529.0
(1, 1, 1, 1, 1, 1, 1)	34621.0
(1, 1, 1, 1, 1, 1, 2)	33291.0
(1, 1, 1, 1, 1, 2, 0)	27895.0
(1, 1, 1, 1, 1, 2, 1)	28703.0
(1, 1, 1, 1, 1, 2, 2)	18621.0
(1, 1, 1, 1, 2, 0, 0)	34159.0
(1, 1, 1, 1, 2, 0, 1)	34256.0
(1, 1, 1, 1, 2, 0, 2)	32145.0
(1, 1, 1, 1, 2, 1, 0)	34326.0
(1, 1, 1, 1, 2, 1, 1)	34417.0
(1, 1, 1, 1, 2, 1, 2)	32930.0
(1, 1, 1, 1, 2, 2, 0)	27259.0
(1, 1, 1, 1, 2, 2, 1)	27929.0
(1, 1, 1, 1, 2, 2, 2)	18386.0
(1, 1, 1, 2, 0, 0, 0)	14354.0
(1, 1, 1, 2, 0, 0, 1)	15324.0
(1, 1, 1, 2, 0, 0, 2)	12576.0
(1, 1, 1, 2, 0, 1, 0)	18525.0
(1, 1, 1, 2, 0, 1, 1)	24912.0
(1, 1, 1, 2, 0, 1, 2)	16979.0
(1, 1, 1, 2, 0, 2, 0)	4551.0
(1, 1, 1, 2, 0, 2, 1)	6071.0
(1, 1, 1, 2, 0, 2, 2)	3951.0
(1, 1, 1, 2, 1, 0, 0)	15004.0
(1, 1, 1, 2, 1, 0, 1)	16159.0
(1, 1, 1, 2, 1, 0, 2)	13178.0
(1, 1, 1, 2, 1, 1, 0)	19021.0
(1, 1, 1, 2, 1, 1, 1)	25120.0
(1, 1, 1, 2, 1, 1, 2)	17531.0
(1, 1, 1, 2, 1, 2, 0)	5204.0
(1, 1, 1, 2, 1, 2, 1)	6594.0
(1, 1, 1, 2, 1, 2, 2)	4307.0
(1, 1, 1, 2, 2, 0, 0)	14243.0
(1, 1, 1, 2, 2, 0, 1)	15213.0
(1, 1, 1, 2, 2, 0, 2)	12470.0
(1, 1, 1, 2, 2, 1, 0)	18453.0
(1, 1, 1, 2, 2, 1, 1)	24841.0
(1, 1, 1, 2, 2, 1, 2)	16928.0
(1, 1, 1, 2, 2, 2, 0)	4457.0
(1, 1, 1, 2, 2, 2, 1)	6024.0
(1, 1, 1, 2, 2, 2, 2)	3847.0
(1, 1, 2, 0, 0, 0, 0)	32595.0
(1, 1, 2, 0, 0, 0, 1)	32664.0
(1, 1, 2, 0, 0, 0, 2)	25285.0
(1, 1, 2, 0, 0, 1, 0)	32815.0
(1, 1, 2, 0, 0, 1, 1)	32911.0
(1, 1, 2, 0, 0, 1, 2)	27704.0
(1, 1, 2, 0, 0, 2, 0)	9583.0
(1, 1, 2, 0, 0, 2, 1)	19776.0
(1, 1, 2, 0, 0, 2, 2)	3453.0
(1, 1, 2, 0, 1, 0, 0)	32731.0
(1, 1, 2, 0, 1, 0, 1)	32796.0
(1, 1, 2, 0, 1, 0, 2)	25844.0
(1, 1, 2, 0, 1, 1, 0)	32839.0
(1, 1, 2, 0, 1, 1, 1)	32935.0
(1, 1, 2, 0, 1, 1, 2)	28081.0
(1, 1, 2, 0, 1, 2, 0)	10387.0
(1, 1, 2, 0, 1, 2, 1)	19864.0
(1, 1, 2, 0, 1, 2, 2)	4894.0
(1, 1, 2, 0, 2, 0, 0)	22918.0
(1, 1, 2, 0, 2, 0, 1)	27613.0
(1, 1, 2, 0, 2, 0, 2)	4574.0
(1, 1, 2, 0, 2, 1, 0)	31118.0
(1, 1, 2, 0, 2, 1, 1)	32007.0
(1, 1, 2, 0, 2, 1, 2)	21517.0
(1, 1, 2, 0, 2, 2, 0)	1670.0
(1, 1, 2, 0, 2, 2, 1)	9682.0
(1, 1, 2, 0, 2, 2, 2)	1545.0
(1, 1, 2, 1, 0, 0, 0)	33055.0
(1, 1, 2, 1, 0, 0, 1)	33119.0
(1, 1, 2, 1, 0, 0, 2)	30930.0
(1, 1, 2, 1, 0, 1, 0)	33269.0
(1, 1, 2, 1, 0, 1, 1)	33348.0
(1, 1, 2, 1, 0, 1, 2)	31284.0
(1, 1, 2, 1, 0, 2, 0)	23555.0
(1, 1, 2, 1, 0, 2, 1)	24473.0
(1, 1, 2, 1, 0, 2, 2)	12724.0
(1, 1, 2, 1, 1, 0, 0)	33186.0
(1, 1, 2, 1, 1, 0, 1)	33258.0
(1, 1, 2, 1, 1, 0, 2)	31404.0
(1, 1, 2, 1, 1, 1, 0)	33299.0
(1, 1, 2, 1, 1, 1, 1)	33379.0
(1, 1, 2, 1, 1, 1, 2)	31694.0
(1, 1, 2, 1, 1, 2, 0)	23731.0
(1, 1, 2, 1, 1, 2, 1)	24545.0
(1, 1, 2, 1, 1, 2, 2)	13332.0
(1, 1, 2, 1, 2, 0, 0)	29040.0
(1, 1, 2, 1, 2, 0, 1)	29703.0
(1, 1, 2, 1, 2, 0, 2)	26150.0
(1, 1, 2, 1, 2, 1, 0)	32772.0
(1, 1, 2, 1, 2, 1, 1)	33066.0
(1, 1, 2, 1, 2, 1, 2)	29988.0
(1, 1, 2, 1, 2, 2, 0)	23065.0
(1, 1, 2, 1, 2, 2, 1)	24026.0
(1, 1, 2, 1, 2, 2, 2)	10448.0
(1, 1, 2, 2, 0, 0, 0)	6007.0
(1, 1, 2, 2, 0, 0, 1)	9922.0
(1, 1, 2, 2, 0, 0, 2)	4750.0
(1, 1, 2, 2, 0, 1, 0)	12770.0
(1, 1, 2, 2, 0, 1, 1)	20174.0
(1, 1, 2, 2, 0, 1, 2)	10182.0
(1, 1, 2, 2, 0, 2, 0)	1893.0
(1, 1, 2, 2, 0, 2, 1)	3028.0
(1, 1, 2, 2, 0, 2, 2)	1627.0
(1, 1, 2, 2, 1, 0, 0)	7489.0
(1, 1, 2, 2, 1, 0, 1)	10688.0
(1, 1, 2, 2, 1, 0, 2)	6637.0
(1, 1, 2, 2, 1, 1, 0)	13668.0
(1, 1, 2, 2, 1, 1, 1)	20907.0
(1, 1, 2, 2, 1, 1, 2)	11391.0
(1, 1, 2, 2, 1, 2, 0)	2379.0
(1, 1, 2, 2, 1, 2, 1)	3259.0
(1, 1, 2, 2, 1, 2, 2)	2101.0
(1, 1, 2, 2, 2, 0, 0)	950.0
(1, 1, 2, 2, 2, 0, 1)	2510.0
(1, 1, 2, 2, 2, 0, 2)	944.0
(1, 1, 2, 2, 2, 1, 0)	6707.0
(1, 1, 2, 2, 2, 1, 1)	18648.0
(1, 1, 2, 2, 2, 1, 2)	5645.0
(1, 1, 2, 2, 2, 2, 0)	937.0
(1, 1, 2, 2, 2, 2, 1)	2116.0
(1, 1, 2, 2, 2, 2, 2)	925.0
(1, 2, 0, 0, 0, 0, 0)	2161.0
(1, 2, 0, 0, 0, 0, 1)	4945.0
(1, 2, 0, 0, 0, 0, 2)	1534.0
(1, 2, 0, 0, 0, 1, 0)	25413.0
(1, 2, 0, 0, 0, 1, 1)	28518.0
(1, 2, 0, 0, 0, 1, 2)	12540.0
(1, 2, 0, 0, 0, 2, 0)	1761.0
(1, 2, 0, 0, 0, 2, 1)	3813.0
(1, 2, 0, 0, 0, 2, 2)	1295.0
(1, 2, 0, 0, 1, 0, 0)	2889.0
(1, 2, 0, 0, 1, 0, 1)	5414.0
(1, 2, 0, 0, 1, 0, 2)	2025.0
(1, 2, 0, 0, 1, 1, 0)	26457.0
(1, 2, 0, 0, 1, 1, 1)	28630.0
(1, 2, 0, 0, 1, 1, 2)	15813.0
(1, 2, 0, 0, 1, 2, 0)	2220.0
(1, 2, 0, 0, 1, 2, 1)	4199.0
(1, 2, 0, 0, 1, 2, 2)	1820.0
(1, 2, 0, 0, 2, 0, 0)	2152.0
(1, 2, 0, 0, 2, 0, 1)	4415.0
(1, 2, 0, 0, 2, 0, 2)	1432.0
(1, 2, 0, 0, 2, 1, 0)	24983.0
(1, 2, 0, 0, 2, 1, 1)	27930.0
(1, 2, 0, 0, 2, 1, 2)	11048.0
(1, 2, 0, 0, 2, 2, 0)	1752.0
(1, 2, 0, 0, 2, 2, 1)	3608.0
(1, 2, 0, 0, 2, 2, 2)	1180.0
(1, 2, 0, 1, 0, 0, 0)	26246.0
(1, 2, 0, 1, 0, 0, 1)	26321.0
(1, 2, 0, 1, 0, 0, 2)	22414.0
(1, 2, 0, 1, 0, 1, 0)	29718.0
(1, 2, 0, 1, 0, 1, 1)	30026.0
(1, 2, 0, 1, 0, 1, 2)	27037.0
(1, 2, 0, 1, 0, 2, 0)	9676.0
(1, 2, 0, 1, 0, 2, 1)	13585.0
(1, 2, 0, 1, 0, 2, 2)	5918.0
(1, 2, 0, 1, 1, 0, 0)	26361.0
(1, 2, 0, 1, 1, 0, 1)	26408.0
(1, 2, 0, 1, 1, 0, 2)	22734.0
(1, 2, 0, 1, 1, 1, 0)	29806.0
(1, 2, 0, 1, 1, 1, 1)	30110.0
(1, 2, 0, 1, 1, 1, 2)	27326.0
(1, 2, 0, 1, 1, 2, 0)	10613.0
(1, 2, 0, 1, 1, 2, 1)	14986.0
(1, 2, 0, 1, 1, 2, 2)	6309.0
(1, 2, 0, 1, 2, 0, 0)	25575.0
(1, 2, 0, 1, 2, 0, 1)	25615.0
(1, 2, 0, 1, 2, 0, 2)	19901.0
(1, 2, 0, 1, 2, 1, 0)	29304.0
(1, 2, 0, 1, 2, 1, 1)	29669.0
(1, 2, 0, 1, 2, 1, 2)	26692.0
(1, 2, 0, 1, 2, 2, 0)	9496.0
(1, 2, 0, 1, 2, 2, 1)	12748.0
(1, 2, 0, 1, 2, 2, 2)	5529.0
(1, 2, 0, 2, 0, 0, 0)	814.0
(1, 2, 0, 2, 0, 0, 1)	1700.0
(1, 2, 0, 2, 0, 0, 2)	800.0
(1, 2, 0, 2, 0, 1, 0)	4079.0
(1, 2, 0, 2, 0, 1, 1)	10060.0
(1, 2, 0, 2, 0, 1, 2)	3501.0
(1, 2, 0, 2, 0, 2, 0)	723.0
(1, 2, 0, 2, 0, 2, 1)	1568.0
(1, 2, 0, 2, 0, 2, 2)	519.0
(1, 2, 0, 2, 1, 0, 0)	1235.0
(1, 2, 0, 2, 1, 0, 1)	2212.0
(1, 2, 0, 2, 1, 0, 2)	1191.0
(1, 2, 0, 2, 1, 1, 0)	4734.0
(1, 2, 0, 2, 1, 1, 1)	11678.0
(1, 2, 0, 2, 1, 1, 2)	3953.0
(1, 2, 0, 2, 1, 2, 0)	1132.0
(1, 2, 0, 2, 1, 2, 1)	2082.0
(1, 2, 0, 2, 1, 2, 2)	804.0
(1, 2, 0, 2, 2, 0, 0)	772.0
(1, 2, 0, 2, 2, 0, 1)	1587.0
(1, 2, 0, 2, 2, 0, 2)	750.0
(1, 2, 0, 2, 2, 1, 0)	4053.0
(1, 2, 0, 2, 2, 1, 1)	9667.0
(1, 2, 0, 2, 2, 1, 2)	3413.0
(1, 2, 0, 2, 2, 2, 0)	714.0
(1, 2, 0, 2, 2, 2, 1)	1488.0
(1, 2, 0, 2, 2, 2, 2)	513.0
(1, 2, 1, 0, 0, 0, 0)	4314.0
(1, 2, 1, 0, 0, 0, 1)	9218.0
(1, 2, 1, 0, 0, 0, 2)	2715.0
(1, 2, 1, 0, 0, 1, 0)	30921.0
(1, 2, 1, 0, 0, 1, 1)	31408.0
(1, 2, 1, 0, 0, 1, 2)	18564.0
(1, 2, 1, 0, 0, 2, 0)	2613.0
(1, 2, 1, 0, 0, 2, 1)	6066.0
(1, 2, 1, 0, 0, 2, 2)	1990.0
(1, 2, 1, 0, 1, 0, 0)	25436.0
(1, 2, 1, 0, 1, 0, 1)	26735.0
(1, 2, 1, 0, 1, 0, 2)	7886.0
(1, 2, 1, 0, 1, 1, 0)	31150.0
(1, 2, 1, 0, 1, 1, 1)	31468.0
(1, 2, 1, 0, 1, 1, 2)	19919.0
(1, 2, 1, 0, 1, 2, 0)	3478.0
(1, 2, 1, 0, 1, 2, 1)	6811.0
(1, 2, 1, 0, 1, 2, 2)	2546.0
(1, 2, 1, 0, 2, 0, 0)	4274.0
(1, 2, 1, 0, 2, 0, 1)	9159.0
(1, 2, 1, 0, 2, 0, 2)	2692.0
(1, 2, 1, 0, 2, 1, 0)	30848.0
(1, 2, 1, 0, 2, 1, 1)	31345.0
(1, 2, 1, 0, 2, 1, 2)	18317.0
(1, 2, 1, 0, 2, 2, 0)	2576.0
(1, 2, 1, 0, 2, 2, 1)	5985.0
(1, 2, 1, 0, 2, 2, 2)	1869.0
(1, 2, 1, 1, 0, 0, 0)	28241.0
(1, 2, 1, 1, 0, 0, 1)	28400.0
(1, 2, 1, 1, 0, 0, 2)	25167.0
(1, 2, 1, 1, 0, 1, 0)	32205.0
(1, 2, 1, 1, 0, 1, 1)	32564.0
(1, 2, 1, 1, 0, 1, 2)	30510.0
(1, 2, 1, 1, 0, 2, 0)	16068.0
(1, 2, 1, 1, 0, 2, 1)	18596.0
(1, 2, 1, 1, 0, 2, 2)	8504.0
(1, 2, 1, 1, 1, 0, 0)	32232.0
(1, 2, 1, 1, 1, 0, 1)	32340.0
(1, 2, 1, 1, 1, 0, 2)	30245.0
(1, 2, 1, 1, 1, 1, 0)	32412.0
(1, 2, 1, 1, 1, 1, 1)	32647.0
(1, 2, 1, 1, 1, 1, 2)	30925.0
(1, 2, 1, 1, 1, 2, 0)	18645.0
(1, 2, 1, 1, 1, 2, 1)	20550.0
(1, 2, 1, 1, 1, 2, 2)	9313.0
(1, 2, 1, 1, 2, 0, 0)	28168.0
(1, 2, 1, 1, 2, 0, 1)	28329.0
(1, 2, 1, 1, 2, 0, 2)	25094.0
(1, 2, 1, 1, 2, 1, 0)	32141.0
(1, 2, 1, 1, 2, 1, 1)	32504.0
(1, 2, 1, 1, 2, 1, 2)	30408.0
(1, 2, 1, 1, 2, 2, 0)	16023.0
(1, 2, 1, 1, 2, 2, 1)	18552.0
(1, 2, 1, 1, 2, 2, 2)	8184.0
(1, 2, 1, 2, 0, 0, 0)	1658.0
(1, 2, 1, 2, 0, 0, 1)	2854.0
(1, 2, 1, 2, 0, 0, 2)	1359.0
(1, 2, 1, 2, 0, 1, 0)	5458.0
(1, 2, 1, 2, 0, 1, 1)	14430.0
(1, 2, 1, 2, 0, 1, 2)	4995.0
(1, 2, 1, 2, 0, 2, 0)	1370.0
(1, 2, 1, 2, 0, 2, 1)	2540.0
(1, 2, 1, 2, 0, 2, 2)	994.0
(1, 2, 1, 2, 1, 0, 0)	3922.0
(1, 2, 1, 2, 1, 0, 1)	5307.0
(1, 2, 1, 2, 1, 0, 2)	3651.0
(1, 2, 1, 2, 1, 1, 0)	7601.0
(1, 2, 1, 2, 1, 1, 1)	15257.0
(1, 2, 1, 2, 1, 1, 2)	6033.0
(1, 2, 1, 2, 1, 2, 0)	1999.0
(1, 2, 1, 2, 1, 2, 1)	3114.0
(1, 2, 1, 2, 1, 2, 2)	1372.0
(1, 2, 1, 2, 2, 0, 0)	1628.0
(1, 2, 1, 2, 2, 0, 1)	2813.0
(1, 2, 1, 2, 2, 0, 2)	1342.0
(1, 2, 1, 2, 2, 1, 0)	5417.0
(1, 2, 1, 2, 2, 1, 1)	14381.0
(1, 2, 1, 2, 2, 1, 2)	4877.0
(1, 2, 1, 2, 2, 2, 0)	1326.0
(1, 2, 1, 2, 2, 2, 1)	2483.0
(1, 2, 1, 2, 2, 2, 2)	953.0
(1, 2, 2, 0, 0, 0, 0)	729.0
(1, 2, 2, 0, 0, 0, 1)	3193.0
(1, 2, 2, 0, 0, 0, 2)	636.0
(1, 2, 2, 0, 0, 1, 0)	17970.0
(1, 2, 2, 0, 0, 1, 1)	26534.0
(1, 2, 2, 0, 0, 1, 2)	6756.0
(1, 2, 2, 0, 0, 2, 0)	681.0
(1, 2, 2, 0, 0, 2, 1)	2332.0
(1, 2, 2, 0, 0, 2, 2)	443.0
(1, 2, 2, 0, 1, 0, 0)	1204.0
(1, 2, 2, 0, 1, 0, 1)	3476.0
(1, 2, 2, 0, 1, 0, 2)	1044.0
(1, 2, 2, 0, 1, 1, 0)	19704.0
(1, 2, 2, 0, 1, 1, 1)	26609.0
(1, 2, 2, 0, 1, 1, 2)	7922.0
(1, 2, 2, 0, 1, 2, 0)	926.0
(1, 2, 2, 0, 1, 2, 1)	2488.0
(1, 2, 2, 0, 1, 2, 2)	759.0
(1, 2, 2, 0, 2, 0, 0)	258.0
(1, 2, 2, 0, 2, 0, 1)	2006.0
(1, 2, 2, 0, 2, 0, 2)	230.0
(1, 2, 2, 0, 2, 1, 0)	7647.0
(1, 2, 2, 0, 2, 1, 1)	19664.0
(1, 2, 2, 0, 2, 1, 2)	4160.0
(1, 2, 2, 0, 2, 2, 0)	230.0
(1, 2, 2, 0, 2, 2, 1)	1418.0
(1, 2, 2, 0, 2, 2, 2)	230.0
(1, 2, 2, 1, 0, 0, 0)	20181.0
(1, 2, 2, 1, 0, 0, 1)	22656.0
(1, 2, 2, 1, 0, 0, 2)	13586.0
(1, 2, 2, 1, 0, 1, 0)	27748.0
(1, 2, 2, 1, 0, 1, 1)	28437.0
(1, 2, 2, 1, 0, 1, 2)	24881.0
(1, 2, 2, 1, 0, 2, 0)	7416.0
(1, 2, 2, 1, 0, 2, 1)	9054.0
(1, 2, 2, 1, 0, 2, 2)	4580.0
(1, 2, 2, 1, 1, 0, 0)	20643.0
(1, 2, 2, 1, 1, 0, 1)	22969.0
(1, 2, 2, 1, 1, 0, 2)	15115.0
(1, 2, 2, 1, 1, 1, 0)	27843.0
(1, 2, 2, 1, 1, 1, 1)	28529.0
(1, 2, 2, 1, 1, 1, 2)	25073.0
(1, 2, 2, 1, 1, 2, 0)	7851.0
(1, 2, 2, 1, 1, 2, 1)	9115.0
(1, 2, 2, 1, 1, 2, 2)	5106.0
(1, 2, 2, 1, 2, 0, 0)	8983.0
(1, 2, 2, 1, 2, 0, 1)	15384.0
(1, 2, 2, 1, 2, 0, 2)	7376.0
(1, 2, 2, 1, 2, 1, 0)	23738.0
(1, 2, 2, 1, 2, 1, 1)	26539.0
(1, 2, 2, 1, 2, 1, 2)	20014.0
(1, 2, 2, 1, 2, 2, 0)	6559.0
(1, 2, 2, 1, 2, 2, 1)	7915.0
(1, 2, 2, 1, 2, 2, 2)	4036.0
(1, 2, 2, 2, 0, 0, 0)	463.0
(1, 2, 2, 2, 0, 0, 1)	1327.0
(1, 2, 2, 2, 0, 0, 2)	453.0
(1, 2, 2, 2, 0, 1, 0)	3140.0
(1, 2, 2, 2, 0, 1, 1)	7967.0
(1, 2, 2, 2, 0, 1, 2)	2766.0
(1, 2, 2, 2, 0, 2, 0)	431.0
(1, 2, 2, 2, 0, 2, 1)	1103.0
(1, 2, 2, 2, 0, 2, 2)	338.0
(1, 2, 2, 2, 1, 0, 0)	780.0
(1, 2, 2, 2, 1, 0, 1)	1575.0
(1, 2, 2, 2, 1, 0, 2)	754.0
(1, 2, 2, 2, 1, 1, 0)	3591.0
(1, 2, 2, 2, 1, 1, 1)	8327.0
(1, 2, 2, 2, 1, 1, 2)	3149.0
(1, 2, 2, 2, 1, 2, 0)	747.0
(1, 2, 2, 2, 1, 2, 1)	1351.0
(1, 2, 2, 2, 1, 2, 2)	587.0
(1, 2, 2, 2, 2, 0, 0)	210.0
(1, 2, 2, 2, 2, 0, 1)	981.0
(1, 2, 2, 2, 2, 0, 2)	210.0
(1, 2, 2, 2, 2, 1, 0)	1942.0
(1, 2, 2, 2, 2, 1, 1)	5164.0
(1, 2, 2, 2, 2, 1, 2)	1735.0
(1, 2, 2, 2, 2, 2, 0)	210.0
(1, 2, 2, 2, 2, 2, 1)	803.0
(1, 2, 2, 2, 2, 2, 2)	204.0
(2, 0, 0, 0, 0, 0, 0)	0.0
(2, 0, 0, 0, 0, 0, 1)	4848.0
(2, 0, 0, 0, 0, 0, 2)	0.0
(2, 0, 0, 0, 0, 1, 0)	19849.0
(2, 0, 0, 0, 0, 1, 1)	23341.0
(2, 0, 0, 0, 0, 1, 2)	11464.0
(2, 0, 0, 0, 0, 2, 0)	0.0
(2, 0, 0, 0, 0, 2, 1)	1576.0
(2, 0, 0, 0, 0, 2, 2)	0.0
(2, 0, 0, 0, 1, 0, 0)	31.0
(2, 0, 0, 0, 1, 0, 1)	4940.0
(2, 0, 0, 0, 1, 0, 2)	31.0
(2, 0, 0, 0, 1, 1, 0)	19962.0
(2, 0, 0, 0, 1, 1, 1)	23605.0
(2, 0, 0, 0, 1, 1, 2)	11514.0
(2, 0, 0, 0, 1, 2, 0)	31.0
(2, 0, 0, 0, 1, 2, 1)	1757.0
(2, 0, 0, 0, 1, 2, 2)	31.0
(2, 0, 0, 0, 2, 0, 0)	0.0
(2, 0, 0, 0, 2, 0, 1)	4158.0
(2, 0, 0, 0, 2, 0, 2)	0.0
(2, 0, 0, 0, 2, 1, 0)	19097.0
(2, 0, 0, 0, 2, 1, 1)	21046.0
(2, 0, 0, 0, 2, 1, 2)	10968.0
(2, 0, 0, 0, 2, 2, 0)	0.0
(2, 0, 0, 0, 2, 2, 1)	1510.0
(2, 0, 0, 0, 2, 2, 2)	0.0
(2, 0, 0, 1, 0, 0, 0)	26308.0
(2, 0, 0, 1, 0, 0, 1)	30503.0
(2, 0, 0, 1, 0, 0, 2)	22833.0
(2, 0, 0, 1, 0, 1, 0)	28538.0
(2, 0, 0, 1, 0, 1, 1)	31885.0
(2, 0, 0, 1, 0, 1, 2)	25377.0
(2, 0, 0, 1, 0, 2, 0)	8145.0
(2, 0, 0, 1, 0, 2, 1)	13435.0
(2, 0, 0, 1, 0, 2, 2)	4553.0
(2, 0, 0, 1, 1, 0, 0)	26423.0
(2, 0, 0, 1, 1, 0, 1)	30631.0
(2, 0, 0, 1, 1, 0, 2)	22911.0
(2, 0, 0, 1, 1, 1, 0)	28632.0
(2, 0, 0, 1, 1, 1, 1)	31952.0
(2, 0, 0, 1, 1, 1, 2)	25443.0
(2, 0, 0, 1, 1, 2, 0)	8233.0
(2, 0, 0, 1, 1, 2, 1)	16193.0
(2, 0, 0, 1, 1, 2, 2)	4641.0
(2, 0, 0, 1, 2, 0, 0)	25049.0
(2, 0, 0, 1, 2, 0, 1)	29719.0
(2, 0, 0, 1, 2, 0, 2)	22026.0
(2, 0, 0, 1, 2, 1, 0)	27149.0
(2, 0, 0, 1, 2, 1, 1)	31151.0
(2, 0, 0, 1, 2, 1, 2)	23894.0
(2, 0, 0, 1, 2, 2, 0)	7384.0
(2, 0, 0, 1, 2, 2, 1)	12691.0
(2, 0, 0, 1, 2, 2, 2)	4391.0
(2, 0, 0, 2, 0, 0, 0)	0.0
(2, 0, 0, 2, 0, 0, 1)	878.0
(2, 0, 0, 2, 0, 0, 2)	0.0
(2, 0, 0, 2, 0, 1, 0)	2744.0
(2, 0, 0, 2, 0, 1, 1)	7003.0
(2, 0, 0, 2, 0, 1, 2)	1760.0
(2, 0, 0, 2, 0, 2, 0)	0.0
(2, 0, 0, 2, 0, 2, 1)	824.0
(2, 0, 0, 2, 0, 2, 2)	0.0
(2, 0, 0, 2, 1, 0, 0)	31.0
(2, 0, 0, 2, 1, 0, 1)	934.0
(2, 0, 0, 2, 1, 0, 2)	31.0
(2, 0, 0, 2, 1, 1, 0)	2775.0
(2, 0, 0, 2, 1, 1, 1)	7077.0
(2, 0, 0, 2, 1, 1, 2)	1791.0
(2, 0, 0, 2, 1, 2, 0)	31.0
(2, 0, 0, 2, 1, 2, 1)	896.0
(2, 0, 0, 2, 1, 2, 2)	31.0
(2, 0, 0, 2, 2, 0, 0)	0.0
(2, 0, 0, 2, 2, 0, 1)	784.0
(2, 0, 0, 2, 2, 0, 2)	0.0
(2, 0, 0, 2, 2, 1, 0)	2730.0
(2, 0, 0, 2, 2, 1, 1)	6803.0
(2, 0, 0, 2, 2, 1, 2)	1636.0
(2, 0, 0, 2, 2, 2, 0)	0.0
(2, 0, 0, 2, 2, 2, 1)	760.0
(2, 0, 0, 2, 2, 2, 2)	0.0
(2, 0, 1, 0, 0, 0, 0)	32400.0
(2, 0, 1, 0, 0, 0, 1)	32579.0
(2, 0, 1, 0, 0, 0, 2)	18566.0
(2, 0, 1, 0, 0, 1, 0)	32621.0
(2, 0, 1, 0, 0, 1, 1)	32726.0
(2, 0, 1, 0, 0, 1, 2)	24879.0
(2, 0, 1, 0, 0, 2, 0)	3094.0
(2, 0, 1, 0, 0, 2, 1)	6931.0
(2, 0, 1, 0, 0, 2, 2)	1536.0
(2, 0, 1, 0, 1, 0, 0)	32517.0
(2, 0, 1, 0, 1, 0, 1)	32629.0
(2, 0, 1, 0, 1, 0, 2)	19482.0
(2, 0, 1, 0, 1, 1, 0)	32675.0
(2, 0, 1, 0, 1, 1, 1)	32779.0
(2, 0, 1, 0, 1, 1, 2)	25910.0
(2, 0, 1, 0, 1, 2, 0)	3139.0
(2, 0, 1, 0, 1, 2, 1)	7240.0
(2, 0, 1, 0, 1, 2, 2)	1644.0
(2, 0, 1, 0, 2, 0, 0)	32197.0
(2, 0, 1, 0, 2, 0, 1)	32308.0
(2, 0, 1, 0, 2, 0, 2)	18151.0
(2, 0, 1, 0, 2, 1, 0)	32421.0
(2, 0, 1, 0, 2, 1, 1)	32525.0
(2, 0, 1, 0, 2, 1, 2)	24416.0
(2, 0, 1, 0, 2, 2, 0)	2959.0
(2, 0, 1, 0, 2, 2, 1)	5788.0
(2, 0, 1, 0, 2, 2, 2)	1438.0
(2, 0, 1, 1, 0, 0, 0)	33792.0
(2, 0, 1, 1, 0, 0, 1)	33875.0
(2, 0, 1, 1, 0, 0, 2)	30995.0
(2, 0, 1, 1, 0, 1, 0)	33891.0
(2, 0, 1, 1, 0, 1, 1)	33966.0
(2, 0, 1, 1, 0, 1, 2)	31781.0
(2, 0, 1, 1, 0, 2, 0)	22043.0
(2, 0, 1, 1, 0, 2, 1)	24802.0
(2, 0, 1, 1, 0, 2, 2)	7480.0
(2, 0, 1, 1, 1, 0, 0)	33846.0
(2, 0, 1, 1, 1, 0, 1)	33929.0
(2, 0, 1, 1, 1, 0, 2)	31380.0
(2, 0, 1, 1, 1, 1, 0)	33949.0
(2, 0, 1, 1, 1, 1, 1)	34021.0
(2, 0, 1, 1, 1, 1, 2)	32125.0
(2, 0, 1, 1, 1, 2, 0)	22776.0
(2, 0, 1, 1, 1, 2, 1)	25031.0
(2, 0, 1, 1, 1, 2, 2)	7521.0
(2, 0, 1, 1, 2, 0, 0)	33562.0
(2, 0, 1, 1, 2, 0, 1)	33643.0
(2, 0, 1, 1, 2, 0, 2)	30782.0
(2, 0, 1, 1, 2, 1, 0)	33689.0
(2, 0, 1, 1, 2, 1, 1)	33762.0
(2, 0, 1, 1, 2, 1, 2)	31678.0
(2, 0, 1, 1, 2, 2, 0)	17653.0
(2, 0, 1, 1, 2, 2, 1)	24083.0
(2, 0, 1, 1, 2, 2, 2)	7266.0
(2, 0, 1, 2, 0, 0, 0)	3802.0
(2, 0, 1, 2, 0, 0, 1)	5506.0
(2, 0, 1, 2, 0, 0, 2)	2121.0
(2, 0, 1, 2, 0, 1, 0)	6094.0
(2, 0, 1, 2, 0, 1, 1)	18723.0
(2, 0, 1, 2, 0, 1, 2)	3935.0
(2, 0, 1, 2, 0, 2, 0)	1261.0
(2, 0, 1, 2, 0, 2, 1)	2286.0
(2, 0, 1, 2, 0, 2, 2)	834.0
(2, 0, 1, 2, 1, 0, 0)	4882.0
(2, 0, 1, 2, 1, 0, 1)	7304.0
(2, 0, 1, 2, 1, 0, 2)	2470.0
(2, 0, 1, 2, 1, 1, 0)	8701.0
(2, 0, 1, 2, 1, 1, 1)	19393.0
(2, 0, 1, 2, 1, 1, 2)	4262.0
(2, 0, 1, 2, 1, 2, 0)	1316.0
(2, 0, 1, 2, 1, 2, 1)	2391.0
(2, 0, 1, 2, 1, 2, 2)	860.0
(2, 0, 1, 2, 2, 0, 0)	3780.0
(2, 0, 1, 2, 2, 0, 1)	5210.0
(2, 0, 1, 2, 2, 0, 2)	2111.0
(2, 0, 1, 2, 2, 1, 0)	5666.0
(2, 0, 1, 2, 2, 1, 1)	18413.0
(2, 0, 1, 2, 2, 1, 2)	3916.0
(2, 0, 1, 2, 2, 2, 0)	1254.0
(2, 0, 1, 2, 2, 2, 1)	2195.0
(2, 0, 1, 2, 2, 2, 2)	827.0
(2, 0, 2, 0, 0, 0, 0)	0.0
(2, 0, 2, 0, 0, 0, 1)	2644.0
(2, 0, 2, 0, 0, 0, 2)	0.0
(2, 0, 2, 0, 0, 1, 0)	12620.0
(2, 0, 2, 0, 0, 1, 1)	21143.0
(2, 0, 2, 0, 0, 1, 2)	8033.0
(2, 0, 2, 0, 0, 2, 0)	0.0
(2, 0, 2, 0, 0, 2, 1)	1262.0
(2, 0, 2, 0, 0, 2, 2)	0.0
(2, 0, 2, 0, 1, 0, 0)	31.0
(2, 0, 2, 0, 1, 0, 1)	2931.0
(2, 0, 2, 0, 1, 0, 2)	31.0
(2, 0, 2, 0, 1, 1, 0)	12729.0
(2, 0, 2, 0, 1, 1, 1)	21333.0
(2, 0, 2, 0, 1, 1, 2)	8111.0
(2, 0, 2, 0, 1, 2, 0)	31.0
(2, 0, 2, 0, 1, 2, 1)	1314.0
(2, 0, 2, 0, 1, 2, 2)	31.0
(2, 0, 2, 0, 2, 0, 0)	0.0
(2, 0, 2, 0, 2, 0, 1)	1983.0
(2, 0, 2, 0, 2, 0, 2)	0.0
(2, 0, 2, 0, 2, 1, 0)	8272.0
(2, 0, 2, 0, 2, 1, 1)	19689.0
(2, 0, 2, 0, 2, 1, 2)	6951.0
(2, 0, 2, 0, 2, 2, 0)	0.0
(2, 0, 2, 0, 2, 2, 1)	1148.0
(2, 0, 2, 0, 2, 2, 2)	0.0
(2, 0, 2, 1, 0, 0, 0)	10641.0
(2, 0, 2, 1, 0, 0, 1)	23632.0
(2, 0, 2, 1, 0, 0, 2)	10016.0
(2, 0, 2, 1, 0, 1, 0)	26303.0
(2, 0, 2, 1, 0, 1, 1)	30394.0
(2, 0, 2, 1, 0, 1, 2)	22633.0
(2, 0, 2, 1, 0, 2, 0)	7002.0
(2, 0, 2, 1, 0, 2, 1)	11497.0
(2, 0, 2, 1, 0, 2, 2)	3523.0
(2, 0, 2, 1, 1, 0, 0)	10684.0
(2, 0, 2, 1, 1, 0, 1)	23672.0
(2, 0, 2, 1, 1, 0, 2)	10049.0
(2, 0, 2, 1, 1, 1, 0)	26428.0
(2, 0, 2, 1, 1, 1, 1)	30469.0
(2, 0, 2, 1, 1, 1, 2)	22745.0
(2, 0, 2, 1, 1, 2, 0)	7033.0
(2, 0, 2, 1, 1, 2, 1)	12069.0
(2, 0, 2, 1, 1, 2, 2)	3554.0
(2, 0, 2, 1, 2, 0, 0)	9000.0
(2, 0, 2, 1, 2, 0, 1)	17687.0
(2, 0, 2, 1, 2, 0, 2)	8258.0
(2, 0, 2, 1, 2, 1, 0)	23573.0
(2, 0, 2, 1, 2, 1, 1)	29162.0
(2, 0, 2, 1, 2, 1, 2)	20916.0
(2, 0, 2, 1, 2, 2, 0)	6764.0
(2, 0, 2, 1, 2, 2, 1)	10063.0
(2, 0, 2, 1, 2, 2, 2)	3454.0
(2, 0, 2, 2, 0, 0, 0)	0.0
(2, 0, 2, 2, 0, 0, 1)	862.0
(2, 0, 2, 2, 0, 0, 2)	0.0
(2, 0, 2, 2, 0, 1, 0)	2617.0
(2, 0, 2, 2, 0, 1, 1)	6694.0
(2, 0, 2, 2, 0, 1, 2)	1441.0
(2, 0, 2, 2, 0, 2, 0)	0.0
(2, 0, 2, 2, 0, 2, 1)	654.0
(2, 0, 2, 2, 0, 2, 2)	0.0
(2, 0, 2, 2, 1, 0, 0)	31.0
(2, 0, 2, 2, 1, 0, 1)	902.0
(2, 0, 2, 2, 1, 0, 2)	31.0
(2, 0, 2, 2, 1, 1, 0)	2648.0
(2, 0, 2, 2, 1, 1, 1)	6764.0
(2, 0, 2, 2, 1, 1, 2)	1472.0
(2, 0, 2, 2, 1, 2, 0)	31.0
(2, 0, 2, 2, 1, 2, 1)	707.0
(2, 0, 2, 2, 1, 2, 2)	31.0
(2, 0, 2, 2, 2, 0, 0)	0.0
(2, 0, 2, 2, 2, 0, 1)	771.0
(2, 0, 2, 2, 2, 0, 2)	0.0
(2, 0, 2, 2, 2, 1, 0)	2328.0
(2, 0, 2, 2, 2, 1, 1)	6403.0
(2, 0, 2, 2, 2, 1, 2)	1421.0
(2, 0, 2, 2, 2, 2, 0)	0.0
(2, 0, 2, 2, 2, 2, 1)	591.0
(2, 0, 2, 2, 2, 2, 2)	0.0
(2, 1, 0, 0, 0, 0, 0)	27637.0
(2, 1, 0, 0, 0, 0, 1)	29592.0
(2, 1, 0, 0, 0, 0, 2)	14065.0
(2, 1, 0, 0, 0, 1, 0)	28295.0
(2, 1, 0, 0, 0, 1, 1)	30236.0
(2, 1, 0, 0, 0, 1, 2)	19504.0
(2, 1, 0, 0, 0, 2, 0)	3082.0
(2, 1, 0, 0, 0, 2, 1)	9167.0
(2, 1, 0, 0, 0, 2, 2)	1438.0
(2, 1, 0, 0, 1, 0, 0)	27772.0
(2, 1, 0, 0, 1, 0, 1)	30129.0
(2, 1, 0, 0, 1, 0, 2)	14720.0
(2, 1, 0, 0, 1, 1, 0)	28359.0
(2, 1, 0, 0, 1, 1, 1)	30716.0
(2, 1, 0, 0, 1, 1, 2)	20429.0
(2, 1, 0, 0, 1, 2, 0)	3645.0
(2, 1, 0, 0, 1, 2, 1)	9244.0
(2, 1, 0, 0, 1, 2, 2)	1568.0
(2, 1, 0, 0, 2, 0, 0)	23302.0
(2, 1, 0, 0, 2, 0, 1)	27461.0
(2, 1, 0, 0, 2, 0, 2)	13507.0
(2, 1, 0, 0, 2, 1, 0)	26130.0
(2, 1, 0, 0, 2, 1, 1)	28341.0
(2, 1, 0, 0, 2, 1, 2)	18154.0
(2, 1, 0, 0, 2, 2, 0)	2977.0
(2, 1, 0, 0, 2, 2, 1)	7748.0
(2, 1, 0, 0, 2, 2, 2)	1404.0
(2, 1, 0, 1, 0, 0, 0)	31325.0
(2, 1, 0, 1, 0, 0, 1)	31921.0
(2, 1, 0, 1, 0, 0, 2)	28660.0
(2, 1, 0, 1, 0, 1, 0)	32015.0
(2, 1, 0, 1, 0, 1, 1)	32506.0
(2, 1, 0, 1, 0, 1, 2)	28952.0
(2, 1, 0, 1, 0, 2, 0)	16323.0
(2, 1, 0, 1, 0, 2, 1)	20330.0
(2, 1, 0, 1, 0, 2, 2)	7301.0
(2, 1, 0, 1, 1, 0, 0)	31445.0
(2, 1, 0, 1, 1, 0, 1)	32195.0
(2, 1, 0, 1, 1, 0, 2)	28952.0
(2, 1, 0, 1, 1, 1, 0)	32245.0
(2, 1, 0, 1, 1, 1, 1)	32730.0
(2, 1, 0, 1, 1, 1, 2)	29876.0
(2, 1, 0, 1, 1, 2, 0)	16487.0
(2, 1, 0, 1, 1, 2, 1)	20463.0
(2, 1, 0, 1, 1, 2, 2)	7858.0
(2, 1, 0, 1, 2, 0, 0)	30618.0
(2, 1, 0, 1, 2, 0, 1)	31336.0
(2, 1, 0, 1, 2, 0, 2)	28146.0
(2, 1, 0, 1, 2, 1, 0)	31333.0
(2, 1, 0, 1, 2, 1, 1)	31921.0
(2, 1, 0, 1, 2, 1, 2)	28436.0
(2, 1, 0, 1, 2, 2, 0)	14529.0
(2, 1, 0, 1, 2, 2, 1)	17880.0
(2, 1, 0, 1, 2, 2, 2)	7061.0
(2, 1, 0, 2, 0, 0, 0)	2210.0
(2, 1, 0, 2, 0, 0, 1)	3706.0
(2, 1, 0, 2, 0, 0, 2)	2110.0
(2, 1, 0, 2, 0, 1, 0)	5425.0
(2, 1, 0, 2, 0, 1, 1)	15087.0
(2, 1, 0, 2, 0, 1, 2)	4466.0
(2, 1, 0, 2, 0, 2, 0)	1128.0
(2, 1, 0, 2, 0, 2, 1)	2153.0
(2, 1, 0, 2, 0, 2, 2)	1116.0
(2, 1, 0, 2, 1, 0, 0)	2400.0
(2, 1, 0, 2, 1, 0, 1)	4299.0
(2, 1, 0, 2, 1, 0, 2)	2314.0
(2, 1, 0, 2, 1, 1, 0)	5626.0
(2, 1, 0, 2, 1, 1, 1)	15561.0
(2, 1, 0, 2, 1, 1, 2)	4730.0
(2, 1, 0, 2, 1, 2, 0)	1252.0
(2, 1, 0, 2, 1, 2, 1)	2291.0
(2, 1, 0, 2, 1, 2, 2)	1240.0
(2, 1, 0, 2, 2, 0, 0)	2139.0
(2, 1, 0, 2, 2, 0, 1)	3462.0
(2, 1, 0, 2, 2, 0, 2)	2049.0
(2, 1, 0, 2, 2, 1, 0)	4809.0
(2, 1, 0, 2, 2, 1, 1)	14221.0
(2, 1, 0, 2, 2, 1, 2)	4265.0
(2, 1, 0, 2, 2, 2, 0)	1070.0
(2, 1, 0, 2, 2, 2, 1)	2010.0
(2, 1, 0, 2, 2, 2, 2)	1044.0
(2, 1, 1, 0, 0, 0, 0)	33710.0
(2, 1, 1, 0, 0, 0, 1)	33792.0
(2, 1, 1, 0, 0, 0, 2)	25830.0
(2, 1, 1, 0, 0, 1, 0)	33810.0
(2, 1, 1, 0, 0, 1, 1)	33878.0
(2, 1, 1, 0, 0, 1, 2)	29395.0
(2, 1, 1, 0, 0, 2, 0)	11610.0
(2, 1, 1, 0, 0, 2, 1)	24131.0
(2, 1, 1, 0, 0, 2, 2)	3597.0
(2, 1, 1, 0, 1, 0, 0)	33761.0
(2, 1, 1, 0, 1, 0, 1)	33842.0
(2, 1, 1, 0, 1, 0, 2)	26943.0
(2, 1, 1, 0, 1, 1, 0)	33864.0
(2, 1, 1, 0, 1, 1, 1)	33933.0
(2, 1, 1, 0, 1, 1, 2)	29824.0
(2, 1, 1, 0, 1, 2, 0)	12848.0
(2, 1, 1, 0, 1, 2, 1)	24260.0
(2, 1, 1, 0, 1, 2, 2)	4529.0
(2, 1, 1, 0, 2, 0, 0)	33485.0
(2, 1, 1, 0, 2, 0, 1)	33565.0
(2, 1, 1, 0, 2, 0, 2)	24760.0
(2, 1, 1, 0, 2, 1, 0)	33613.0
(2, 1, 1, 0, 2, 1, 1)	33678.0
(2, 1, 1, 0, 2, 1, 2)	29214.0
(2, 1, 1, 0, 2, 2, 0)	11440.0
(2, 1, 1, 0, 2, 2, 1)	22971.0
(2, 1, 1, 0, 2, 2, 2)	3156.0
(2, 1, 1, 1, 0, 0, 0)	33816.0
(2, 1, 1, 1, 0, 0, 1)	33892.0
(2, 1, 1, 1, 0, 0, 2)	31592.0
(2, 1, 1, 1, 0, 1, 0)	33914.0
(2, 1, 1, 1, 0, 1, 1)	33983.0
(2, 1, 1, 1, 0, 1, 2)	32377.0
(2, 1, 1, 1, 0, 2, 0)	24828.0
(2, 1, 1, 1, 0, 2, 1)	25466.0
(2, 1, 1, 1, 0, 2, 2)	12736.0
(2, 1, 1, 1, 1, 0, 0)	33871.0
(2, 1, 1, 1, 1, 0, 1)	33947.0
(2, 1, 1, 1, 1, 0, 2)	32036.0
(2, 1, 1, 1, 1, 1, 0)	33972.0
(2, 1, 1, 1, 1, 1, 1)	34040.0
(2, 1, 1, 1, 1, 1, 2)	32753.0
(2, 1, 1, 1, 1, 2, 0)	25008.0
(2, 1, 1, 1, 1, 2, 1)	25646.0
(2, 1, 1, 1, 1, 2, 2)	14493.0
(2, 1, 1, 1, 2, 0, 0)	33591.0
(2, 1, 1, 1, 2, 0, 1)	33666.0
(2, 1, 1, 1, 2, 0, 2)	31509.0
(2, 1, 1, 1, 2, 1, 0)	33717.0
(2, 1, 1, 1, 2, 1, 1)	33785.0
(2, 1, 1, 1, 2, 1, 2)	32259.0
(2, 1, 1, 1, 2, 2, 0)	24108.0
(2, 1, 1, 1, 2, 2, 1)	24745.0
(2, 1, 1, 1, 2, 2, 2)	11501.0
(2, 1, 1, 2, 0, 0, 0)	5279.0
(2, 1, 1, 2, 0, 0, 1)	9063.0
(2, 1, 1, 2, 0, 0, 2)	4661.0
(2, 1, 1, 2, 0, 1, 0)	13165.0
(2, 1, 1, 2, 0, 1, 1)	21038.0
(2, 1, 1, 2, 0, 1, 2)	10910.0
(2, 1, 1, 2, 0, 2, 0)	1930.0
(2, 1, 1, 2, 0, 2, 1)	2976.0
(2, 1, 1, 2, 0, 2, 2)	1815.0
(2, 1, 1, 2, 1, 0, 0)	6484.0
(2, 1, 1, 2, 1, 0, 1)	12083.0
(2, 1, 1, 2, 1, 0, 2)	5694.0
(2, 1, 1, 2, 1, 1, 0)	14713.0
(2, 1, 1, 2, 1, 1, 1)	22220.0
(2, 1, 1, 2, 1, 1, 2)	11975.0
(2, 1, 1, 2, 1, 2, 0)	2251.0
(2, 1, 1, 2, 1, 2, 1)	3427.0
(2, 1, 1, 2, 1, 2, 2)	2057.0
(2, 1, 1, 2, 2, 0, 0)	5228.0
(2, 1, 1, 2, 2, 0, 1)	8756.0
(2, 1, 1, 2, 2, 0, 2)	4654.0
(2, 1, 1, 2, 2, 1, 0)	12702.0
(2, 1, 1, 2, 2, 1, 1)	20410.0
(2, 1, 1, 2, 2, 1, 2)	10402.0
(2, 1, 1, 2, 2, 2, 0)	1923.0
(2, 1, 1, 2, 2, 2, 1)	2908.0
(2, 1, 1, 2, 2, 2, 2)	1808.0
(2, 1, 2, 0, 0, 0, 0)	3044.0
(2, 1, 2, 0, 0, 0, 1)	13945.0
(2, 1, 2, 0, 0, 0, 2)	2642.0
(2, 1, 2, 0, 0, 1, 0)	22764.0
(2, 1, 2, 0, 0, 1, 1)	28392.0
(2, 1, 2, 0, 0, 1, 2)	15147.0
(2, 1, 2, 0, 0, 2, 0)	2226.0
(2, 1, 2, 0, 0, 2, 1)	6809.0
(2, 1, 2, 0, 0, 2, 2)	826.0
(2, 1, 2, 0, 1, 0, 0)	3075.0
(2, 1, 2, 0, 1, 0, 1)	14721.0
(2, 1, 2, 0, 1, 0, 2)	2673.0
(2, 1, 2, 0, 1, 1, 0)	22873.0
(2, 1, 2, 0, 1, 1, 1)	28482.0
(2, 1, 2, 0, 1, 1, 2)	15276.0
(2, 1, 2, 0, 1, 2, 0)	2257.0
(2, 1, 2, 0, 1, 2, 1)	6891.0
(2, 1, 2, 0, 1, 2, 2)	857.0
(2, 1, 2, 0, 2, 0, 0)	2689.0
(2, 1, 2, 0, 2, 0, 1)	10089.0
(2, 1, 2, 0, 2, 0, 2)	2476.0
(2, 1, 2, 0, 2, 1, 0)	21172.0
(2, 1, 2, 0, 2, 1, 1)	24601.0
(2, 1, 2, 0, 2, 1, 2)	14242.0
(2, 1, 2, 0, 2, 2, 0)	820.0
(2, 1, 2, 0, 2, 2, 1)	3935.0
(2, 1, 2, 0, 2, 2, 2)	762.0
(2, 1, 2, 1, 0, 0, 0)	24943.0
(2, 1, 2, 1, 0, 0, 1)	26647.0
(2, 1, 2, 1, 0, 0, 2)	21805.0
(2, 1, 2, 1, 0, 1, 0)	30753.0
(2, 1, 2, 1, 0, 1, 1)	31708.0
(2, 1, 2, 1, 0, 1, 2)	27747.0
(2, 1, 2, 1, 0, 2, 0)	12306.0
(2, 1, 2, 1, 0, 2, 1)	15219.0
(2, 1, 2, 1, 0, 2, 2)	5604.0
(2, 1, 2, 1, 1, 0, 0)	25320.0
(2, 1, 2, 1, 1, 0, 1)	26743.0
(2, 1, 2, 1, 1, 0, 2)	22037.0
(2, 1, 2, 1, 1, 1, 0)	30834.0
(2, 1, 2, 1, 1, 1, 1)	31871.0
(2, 1, 2, 1, 1, 1, 2)	27838.0
(2, 1, 2, 1, 1, 2, 0)	12536.0
(2, 1, 2, 1, 1, 2, 1)	15312.0
(2, 1, 2, 1, 1, 2, 2)	5635.0
(2, 1, 2, 1, 2, 0, 0)	22675.0
(2, 1, 2, 1, 2, 0, 1)	23582.0
(2, 1, 2, 1, 2, 0, 2)	19076.0
(2, 1, 2, 1, 2, 1, 0)	28526.0
(2, 1, 2, 1, 2, 1, 1)	30788.0
(2, 1, 2, 1, 2, 1, 2)	25633.0
(2, 1, 2, 1, 2, 2, 0)	9669.0
(2, 1, 2, 1, 2, 2, 1)	11514.0
(2, 1, 2, 1, 2, 2, 2)	5470.0
(2, 1, 2, 2, 0, 0, 0)	719.0
(2, 1, 2, 2, 0, 0, 1)	1600.0
(2, 1, 2, 2, 0, 0, 2)	713.0
(2, 1, 2, 2, 0, 1, 0)	3709.0
(2, 1, 2, 2, 0, 1, 1)	11137.0
(2, 1, 2, 2, 0, 1, 2)	3327.0
(2, 1, 2, 2, 0, 2, 0)	591.0
(2, 1, 2, 2, 0, 2, 1)	1261.0
(2, 1, 2, 2, 0, 2, 2)	585.0
(2, 1, 2, 2, 1, 0, 0)	750.0
(2, 1, 2, 2, 1, 0, 1)	1645.0
(2, 1, 2, 2, 1, 0, 2)	744.0
(2, 1, 2, 2, 1, 1, 0)	3740.0
(2, 1, 2, 2, 1, 1, 1)	11189.0
(2, 1, 2, 2, 1, 1, 2)	3358.0
(2, 1, 2, 2, 1, 2, 0)	622.0
(2, 1, 2, 2, 1, 2, 1)	1315.0
(2, 1, 2, 2, 1, 2, 2)	616.0
(2, 1, 2, 2, 2, 0, 0)	715.0
(2, 1, 2, 2, 2, 0, 1)	1492.0
(2, 1, 2, 2, 2, 0, 2)	709.0
(2, 1, 2, 2, 2, 1, 0)	3616.0
(2, 1, 2, 2, 2, 1, 1)	10090.0
(2, 1, 2, 2, 2, 1, 2)	3296.0
(2, 1, 2, 2, 2, 2, 0)	591.0
(2, 1, 2, 2, 2, 2, 1)	1185.0
(2, 1, 2, 2, 2, 2, 2)	585.0
(2, 2, 0, 0, 0, 0, 0)	0.0
(2, 2, 0, 0, 0, 0, 1)	1641.0
(2, 2, 0, 0, 0, 0, 2)	0.0
(2, 2, 0, 0, 0, 1, 0)	5778.0
(2, 2, 0, 0, 0, 1, 1)	14646.0
(2, 2, 0, 0, 0, 1, 2)	3620.0
(2, 2, 0, 0, 0, 2, 0)	0.0
(2, 2, 0, 0, 0, 2, 1)	1457.0
(2, 2, 0, 0, 0, 2, 2)	0.0
(2, 2, 0, 0, 1, 0, 0)	31.0
(2, 2, 0, 0, 1, 0, 1)	1686.0
(2, 2, 0, 0, 1, 0, 2)	31.0
(2, 2, 0, 0, 1, 1, 0)	5809.0
(2, 2, 0, 0, 1, 1, 1)	14731.0
(2, 2, 0, 0, 1, 1, 2)	3651.0
(2, 2, 0, 0, 1, 2, 0)	31.0
(2, 2, 0, 0, 1, 2, 1)	1502.0
(2, 2, 0, 0, 1, 2, 2)	31.0
(2, 2, 0, 0, 2, 0, 0)	0.0
(2, 2, 0, 0, 2, 0, 1)	1582.0
(2, 2, 0, 0, 2, 0, 2)	0.0
(2, 2, 0, 0, 2, 1, 0)	5199.0
(2, 2, 0, 0, 2, 1, 1)	13628.0
(2, 2, 0, 0, 2, 1, 2)	3243.0
(2, 2, 0, 0, 2, 2, 0)	0.0
(2, 2, 0, 0, 2, 2, 1)	1450.0
(2, 2, 0, 0, 2, 2, 2)	0.0
(2, 2, 0, 1, 0, 0, 0)	8006.0
(2, 2, 0, 1, 0, 0, 1)	12806.0
(2, 2, 0, 1, 0, 0, 2)	6948.0
(2, 2, 0, 1, 0, 1, 0)	21521.0
(2, 2, 0, 1, 0, 1, 1)	25186.0
(2, 2, 0, 1, 0, 1, 2)	18095.0
(2, 2, 0, 1, 0, 2, 0)	5525.0
(2, 2, 0, 1, 0, 2, 1)	6799.0
(2, 2, 0, 1, 0, 2, 2)	3197.0
(2, 2, 0, 1, 1, 0, 0)	8104.0
(2, 2, 0, 1, 1, 0, 1)	12960.0
(2, 2, 0, 1, 1, 0, 2)	7036.0
(2, 2, 0, 1, 1, 1, 0)	21649.0
(2, 2, 0, 1, 1, 1, 1)	25433.0
(2, 2, 0, 1, 1, 1, 2)	18886.0
(2, 2, 0, 1, 1, 2, 0)	5634.0
(2, 2, 0, 1, 1, 2, 1)	6924.0
(2, 2, 0, 1, 1, 2, 2)	3285.0
(2, 2, 0, 1, 2, 0, 0)	7459.0
(2, 2, 0, 1, 2, 0, 1)	10725.0
(2, 2, 0, 1, 2, 0, 2)	6677.0
(2, 2, 0, 1, 2, 1, 0)	21099.0
(2, 2, 0, 1, 2, 1, 1)	24271.0
(2, 2, 0, 1, 2, 1, 2)	17793.0
(2, 2, 0, 1, 2, 2, 0)	5341.0
(2, 2, 0, 1, 2, 2, 1)	6649.0
(2, 2, 0, 1, 2, 2, 2)	3138.0
(2, 2, 0, 2, 0, 0, 0)	0.0
(2, 2, 0, 2, 0, 0, 1)	783.0
(2, 2, 0, 2, 0, 0, 2)	0.0
(2, 2, 0, 2, 0, 1, 0)	1663.0
(2, 2, 0, 2, 0, 1, 1)	5224.0
(2, 2, 0, 2, 0, 1, 2)	1417.0
(2, 2, 0, 2, 0, 2, 0)	0.0
(2, 2, 0, 2, 0, 2, 1)	762.0
(2, 2, 0, 2, 0, 2, 2)	0.0
(2, 2, 0, 2, 1, 0, 0)	31.0
(2, 2, 0, 2, 1, 0, 1)	828.0
(2, 2, 0, 2, 1, 0, 2)	31.0
(2, 2, 0, 2, 1, 1, 0)	1694.0
(2, 2, 0, 2, 1, 1, 1)	5269.0
(2, 2, 0, 2, 1, 1, 2)	1448.0
(2, 2, 0, 2, 1, 2, 0)	31.0
(2, 2, 0, 2, 1, 2, 1)	807.0
(2, 2, 0, 2, 1, 2, 2)	31.0
(2, 2, 0, 2, 2, 0, 0)	0.0
(2, 2, 0, 2, 2, 0, 1)	779.0
(2, 2, 0, 2, 2, 0, 2)	0.0
(2, 2, 0, 2, 2, 1, 0)	1497.0
(2, 2, 0, 2, 2, 1, 1)	5018.0
(2, 2, 0, 2, 2, 1, 2)	1214.0
(2, 2, 0, 2, 2, 2, 0)	0.0
(2, 2, 0, 2, 2, 2, 1)	760.0
(2, 2, 0, 2, 2, 2, 2)	0.0
(2, 2, 1, 0, 0, 0, 0)	1121.0
(2, 2, 1, 0, 0, 0, 1)	5071.0
(2, 2, 1, 0, 0, 0, 2)	939.0
(2, 2, 1, 0, 0, 1, 0)	28415.0
(2, 2, 1, 0, 0, 1, 1)	29106.0
(2, 2, 1, 0, 0, 1, 2)	8016.0
(2, 2, 1, 0, 0, 2, 0)	982.0
(2, 2, 1, 0, 0, 2, 1)	3418.0
(2, 2, 1, 0, 0, 2, 2)	775.0
(2, 2, 1, 0, 1, 0, 0)	1391.0
(2, 2, 1, 0, 1, 0, 1)	5892.0
(2, 2, 1, 0, 1, 0, 2)	1046.0
(2, 2, 1, 0, 1, 1, 0)	28543.0
(2, 2, 1, 0, 1, 1, 1)	29290.0
(2, 2, 1, 0, 1, 1, 2)	8309.0
(2, 2, 1, 0, 1, 2, 0)	1115.0
(2, 2, 1, 0, 1, 2, 1)	3829.0
(2, 2, 1, 0, 1, 2, 2)	871.0
(2, 2, 1, 0, 2, 0, 0)	968.0
(2, 2, 1, 0, 2, 0, 1)	3176.0
(2, 2, 1, 0, 2, 0, 2)	836.0
(2, 2, 1, 0, 2, 1, 0)	14422.0
(2, 2, 1, 0, 2, 1, 1)	20124.0
(2, 2, 1, 0, 2, 1, 2)	6557.0
(2, 2, 1, 0, 2, 2, 0)	935.0
(2, 2, 1, 0, 2, 2, 1)	2688.0
(2, 2, 1, 0, 2, 2, 2)	761.0
(2, 2, 1, 1, 0, 0, 0)	24947.0
(2, 2, 1, 1, 0, 0, 1)	25610.0
(2, 2, 1, 1, 0, 0, 2)	14414.0
(2, 2, 1, 1, 0, 1, 0)	31587.0
(2, 2, 1, 1, 0, 1, 1)	31873.0
(2, 2, 1, 1, 0, 1, 2)	28113.0
(2, 2, 1, 1, 0, 2, 0)	8304.0
(2, 2, 1, 1, 0, 2, 1)	10549.0
(2, 2, 1, 1, 0, 2, 2)	5030.0
(2, 2, 1, 1, 1, 0, 0)	25316.0
(2, 2, 1, 1, 1, 0, 1)	25924.0
(2, 2, 1, 1, 1, 0, 2)	18067.0
(2, 2, 1, 1, 1, 1, 0)	31797.0
(2, 2, 1, 1, 1, 1, 1)	32002.0
(2, 2, 1, 1, 1, 1, 2)	28262.0
(2, 2, 1, 1, 1, 2, 0)	8511.0
(2, 2, 1, 1, 1, 2, 1)	11250.0
(2, 2, 1, 1, 1, 2, 2)	5089.0
(2, 2, 1, 1, 2, 0, 0)	20153.0
(2, 2, 1, 1, 2, 0, 1)	21158.0
(2, 2, 1, 1, 2, 0, 2)	11417.0
(2, 2, 1, 1, 2, 1, 0)	27557.0
(2, 2, 1, 1, 2, 1, 1)	28280.0
(2, 2, 1, 1, 2, 1, 2)	26262.0
(2, 2, 1, 1, 2, 2, 0)	7654.0
(2, 2, 1, 1, 2, 2, 1)	8989.0
(2, 2, 1, 1, 2, 2, 2)	4689.0
(2, 2, 1, 2, 0, 0, 0)	580.0
(2, 2, 1, 2, 0, 0, 1)	1555.0
(2, 2, 1, 2, 0, 0, 2)	553.0
(2, 2, 1, 2, 0, 1, 0)	2928.0
(2, 2, 1, 2, 0, 1, 1)	8529.0
(2, 2, 1, 2, 0, 1, 2)	2745.0
(2, 2, 1, 2, 0, 2, 0)	539.0
(2, 2, 1, 2, 0, 2, 1)	1486.0
(2, 2, 1, 2, 0, 2, 2)	429.0
(2, 2, 1, 2, 1, 0, 0)	728.0
(2, 2, 1, 2, 1, 0, 1)	1778.0
(2, 2, 1, 2, 1, 0, 2)	714.0
(2, 2, 1, 2, 1, 1, 0)	3113.0
(2, 2, 1, 2, 1, 1, 1)	8695.0
(2, 2, 1, 2, 1, 1, 2)	2918.0
(2, 2, 1, 2, 1, 2, 0)	687.0
(2, 2, 1, 2, 1, 2, 1)	1698.0
(2, 2, 1, 2, 1, 2, 2)	460.0
(2, 2, 1, 2, 2, 0, 0)	573.0
(2, 2, 1, 2, 2, 0, 1)	1526.0
(2, 2, 1, 2, 2, 0, 2)	546.0
(2, 2, 1, 2, 2, 1, 0)	2909.0
(2, 2, 1, 2, 2, 1, 1)	8332.0
(2, 2, 1, 2, 2, 1, 2)	2590.0
(2, 2, 1, 2, 2, 2, 0)	532.0
(2, 2, 1, 2, 2, 2, 1)	1459.0
(2, 2, 1, 2, 2, 2, 2)	422.0
(2, 2, 2, 0, 0, 0, 0)	0.0
(2, 2, 2, 0, 0, 0, 1)	1484.0
(2, 2, 2, 0, 0, 0, 2)	0.0
(2, 2, 2, 0, 0, 1, 0)	3481.0
(2, 2, 2, 0, 0, 1, 1)	12683.0
(2, 2, 2, 0, 0, 1, 2)	2908.0
(2, 2, 2, 0, 0, 2, 0)	0.0
(2, 2, 2, 0, 0, 2, 1)	1155.0
(2, 2, 2, 0, 0, 2, 2)	0.0
(2, 2, 2, 0, 1, 0, 0)	31.0
(2, 2, 2, 0, 1, 0, 1)	1523.0
(2, 2, 2, 0, 1, 0, 2)	31.0
(2, 2, 2, 0, 1, 1, 0)	3512.0
(2, 2, 2, 0, 1, 1, 1)	12732.0
(2, 2, 2, 0, 1, 1, 2)	2939.0
(2, 2, 2, 0, 1, 2, 0)	31.0
(2, 2, 2, 0, 1, 2, 1)	1194.0
(2, 2, 2, 0, 1, 2, 2)	31.0
(2, 2, 2, 0, 2, 0, 0)	0.0
(2, 2, 2, 0, 2, 0, 1)	1402.0
(2, 2, 2, 0, 2, 0, 2)	0.0
(2, 2, 2, 0, 2, 1, 0)	3329.0
(2, 2, 2, 0, 2, 1, 1)	10831.0
(2, 2, 2, 0, 2, 1, 2)	2814.0
(2, 2, 2, 0, 2, 2, 0)	0.0
(2, 2, 2, 0, 2, 2, 1)	1096.0
(2, 2, 2, 0, 2, 2, 2)	0.0
(2, 2, 2, 1, 0, 0, 0)	6385.0
(2, 2, 2, 1, 0, 0, 1)	8796.0
(2, 2, 2, 1, 0, 0, 2)	6254.0
(2, 2, 2, 1, 0, 1, 0)	19110.0
(2, 2, 2, 1, 0, 1, 1)	22999.0
(2, 2, 2, 1, 0, 1, 2)	15606.0
(2, 2, 2, 1, 0, 2, 0)	4956.0
(2, 2, 2, 1, 0, 2, 1)	5775.0
(2, 2, 2, 1, 0, 2, 2)	3030.0
(2, 2, 2, 1, 1, 0, 0)	6416.0
(2, 2, 2, 1, 1, 0, 1)	8839.0
(2, 2, 2, 1, 1, 0, 2)	6285.0
(2, 2, 2, 1, 1, 1, 0)	19249.0
(2, 2, 2, 1, 1, 1, 1)	23146.0
(2, 2, 2, 1, 1, 1, 2)	15730.0
(2, 2, 2, 1, 1, 2, 0)	4987.0
(2, 2, 2, 1, 1, 2, 1)	5818.0
(2, 2, 2, 1, 1, 2, 2)	3061.0
(2, 2, 2, 1, 2, 0, 0)	6119.0
(2, 2, 2, 1, 2, 0, 1)	8341.0
(2, 2, 2, 1, 2, 0, 2)	5769.0
(2, 2, 2, 1, 2, 1, 0)	18664.0
(2, 2, 2, 1, 2, 1, 1)	22380.0
(2, 2, 2, 1, 2, 1, 2)	14923.0
(2, 2, 2, 1, 2, 2, 0)	4664.0
(2, 2, 2, 1, 2, 2, 1)	5459.0
(2, 2, 2, 1, 2, 2, 2)	2987.0
(2, 2, 2, 2, 0, 0, 0)	0.0
(2, 2, 2, 2, 0, 0, 1)	755.0
(2, 2, 2, 2, 0, 0, 2)	0.0
(2, 2, 2, 2, 0, 1, 0)	1407.0
(2, 2, 2, 2, 0, 1, 1)	4482.0
(2, 2, 2, 2, 0, 1, 2)	1214.0
(2, 2, 2, 2, 0, 2, 0)	0.0
(2, 2, 2, 2, 0, 2, 1)	593.0
(2, 2, 2, 2, 0, 2, 2)	0.0
(2, 2, 2, 2, 1, 0, 0)	31.0
(2, 2, 2, 2, 1, 0, 1)	794.0
(2, 2, 2, 2, 1, 0, 2)	31.0
(2, 2, 2, 2, 1, 1, 0)	1438.0
(2, 2, 2, 2, 1, 1, 1)	4521.0
(2, 2, 2, 2, 1, 1, 2)	1245.0
(2, 2, 2, 2, 1, 2, 0)	31.0
(2, 2, 2, 2, 1, 2, 1)	632.0
(2, 2, 2, 2, 1, 2, 2)	31.0
(2, 2, 2, 2, 2, 0, 0)	0.0
(2, 2, 2, 2, 2, 0, 1)	753.0
(2, 2, 2, 2, 2, 0, 2)	0.0
(2, 2, 2, 2, 2, 1, 0)	1384.0
(2, 2, 2, 2, 2, 1, 1)	4415.0
(2, 2, 2, 2, 2, 1, 2)	1191.0
(2, 2, 2, 2, 2, 2, 0)	0.0
(2, 2, 2, 2, 2, 2, 1)	591.0
(2, 2, 2, 2, 2, 2, 2)	0.0
