(0, 0, 0, 0, 0, 0, 0)	0.0
(0, 0, 0, 0, 0, 0, 1)	154.4
(0, 0, 0, 0, 0, 0, 2)	0.0
(0, 0, 0, 0, 0, 1, 0)	251.1
(0, 0, 0, 0, 0, 1, 1)	307.1
(0, 0, 0, 0, 0, 1, 2)	120.8
(0, 0, 0, 0, 0, 2, 0)	0.0
(0, 0, 0, 0, 0, 2, 1)	43.5
(0, 0, 0, 0, 0, 2, 2)	0.0
(0, 0, 0, 0, 1, 0, 0)	293.7
(0, 0, 0, 0, 1, 0, 1)	463.1
(0, 0, 0, 0, 1, 0, 2)	267.5
(0, 0, 0, 0, 1, 1, 0)	701.9
(0, 0, 0, 0, 1, 1, 1)	599.0
(0, 0, 0, 0, 1, 1, 2)	327.1
(0, 0, 0, 0, 1, 2, 0)	311.9
(0, 0, 0, 0, 1, 2, 1)	335.2
(0, 0, 0, 0, 1, 2, 2)	229.8
(0, 0, 0, 0, 2, 0, 0)	0.0
(0, 0, 0, 0, 2, 0, 1)	267.8
(0, 0, 0, 0, 2, 0, 2)	0.0
(0, 0, 0, 0, 2, 1, 0)	299.4
(0, 0, 0, 0, 2, 1, 1)	373.0
(0, 0, 0, 0, 2, 1, 2)	204.1
(0, 0, 0, 0, 2, 2, 0)	0.0
(0, 0, 0, 0, 2, 2, 1)	66.3
(0, 0, 0, 0, 2, 2, 2)	0.0
(0, 0, 0, 1, 0, 0, 0)	390.2
(0, 0, 0, 1, 0, 0, 1)	556.9
(0, 0, 0, 1, 0, 0, 2)	609.9
(0, 0, 0, 1, 0, 1, 0)	814.3
(0, 0, 0, 1, 0, 1, 1)	643.4
(0, 0, 0, 1, 0, 1, 2)	663.8
(0, 0, 0, 1, 0, 2, 0)	524.0
(0, 0, 0, 1, 0, 2, 1)	491.8
(0, 0, 0, 1, 0, 2, 2)	457.0
(0, 0, 0, 1, 1, 0, 0)	862.8
(0, 0, 0, 1, 1, 0, 1)	1047.9
(0, 0, 0, 1, 1, 0, 2)	868.9
(0, 0, 0, 1, 1, 1, 0)	1229.5
(0, 0, 0, 1, 1, 1, 1)	1006.8
(0, 0, 0, 1, 1, 1, 2)	864.7
(0, 0, 0, 1, 1, 2, 0)	721.6
(0, 0, 0, 1, 1, 2, 1)	843.0
(0, 0, 0, 1, 1, 2, 2)	828.0
(0, 0, 0, 1, 2, 0, 0)	508.2
(0, 0, 0, 1, 2, 0, 1)	464.8
(0, 0, 0, 1, 2, 0, 2)	411.9
(0, 0, 0, 1, 2, 1, 0)	1074.1
(0, 0, 0, 1, 2, 1, 1)	809.5
(0, 0, 0, 1, 2, 1, 2)	585.8
(0, 0, 0, 1, 2, 2, 0)	426.5
(0, 0, 0, 1, 2, 2, 1)	487.2
(0, 0, 0, 1, 2, 2, 2)	454.1
(0, 0, 0, 2, 0, 0, 0)	0.0
(0, 0, 0, 2, 0, 0, 1)	219.1
(0, 0, 0, 2, 0, 0, 2)	0.0
(0, 0, 0, 2, 0, 1, 0)	451.9
(0, 0, 0, 2, 0, 1, 1)	252.0
(0, 0, 0, 2, 0, 1, 2)	228.9
(0, 0, 0, 2, 0, 2, 0)	0.0
(0, 0, 0, 2, 0, 2, 1)	226.3
(0, 0, 0, 2, 0, 2, 2)	0.0
(0, 0, 0, 2, 1, 0, 0)	230.5
(0, 0, 0, 2, 1, 0, 1)	470.8
(0, 0, 0, 2, 1, 0, 2)	359.1
(0, 0, 0, 2, 1, 1, 0)	358.9
(0, 0, 0, 2, 1, 1, 1)	685.4
(0, 0, 0, 2, 1, 1, 2)	471.6
(0, 0, 0, 2, 1, 2, 0)	286.3
(0, 0, 0, 2, 1, 2, 1)	492.9
(0, 0, 0, 2, 1, 2, 2)	293.9
(0, 0, 0, 2, 2, 0, 0)	0.0
(0, 0, 0, 2, 2, 0, 1)	224.9
(0, 0, 0, 2, 2, 0, 2)	0.0
(0, 0, 0, 2, 2, 1, 0)	229.6
(0, 0, 0, 2, 2, 1, 1)	383.5
(0, 0, 0, 2, 2, 1, 2)	180.8
(0, 0, 0, 2, 2, 2, 0)	0.0
(0, 0, 0, 2, 2, 2, 1)	187.6
(0, 0, 0, 2, 2, 2, 2)	0.0
(0, 0, 1, 0, 0, 0, 0)	620.6
(0, 0, 1, 0, 0, 0, 1)	666.5
(0, 0, 1, 0, 0, 0, 2)	576.2
(0, 0, 1, 0, 0, 1, 0)	775.1
(0, 0, 1, 0, 0, 1, 1)	735.8
(0, 0, 1, 0, 0, 1, 2)	749.2
(0, 0, 1, 0, 0, 2, 0)	533.8
(0, 0, 1, 0, 0, 2, 1)	770.6
(0, 0, 1, 0, 0, 2, 2)	447.4
(0, 0, 1, 0, 1, 0, 0)	831.4
(0, 0, 1, 0, 1, 0, 1)	854.8
(0, 0, 1, 0, 1, 0, 2)	928.2
(0, 0, 1, 0, 1, 1, 0)	836.5
(0, 0, 1, 0, 1, 1, 1)	931.8
(0, 0, 1, 0, 1, 1, 2)	856.4
(0, 0, 1, 0, 1, 2, 0)	727.6
(0, 0, 1, 0, 1, 2, 1)	882.5
(0, 0, 1, 0, 1, 2, 2)	753.4
(0, 0, 1, 0, 2, 0, 0)	628.9
(0, 0, 1, 0, 2, 0, 1)	785.5
(0, 0, 1, 0, 2, 0, 2)	727.9
(0, 0, 1, 0, 2, 1, 0)	547.4
(0, 0, 1, 0, 2, 1, 1)	617.7
(0, 0, 1, 0, 2, 1, 2)	592.0
(0, 0, 1, 0, 2, 2, 0)	635.2
(0, 0, 1, 0, 2, 2, 1)	754.0
(0, 0, 1, 0, 2, 2, 2)	492.7
(0, 0, 1, 1, 0, 0, 0)	1255.6
(0, 0, 1, 1, 0, 0, 1)	1114.4
(0, 0, 1, 1, 0, 0, 2)	944.8
(0, 0, 1, 1, 0, 1, 0)	1145.2
(0, 0, 1, 1, 0, 1, 1)	1183.6
(0, 0, 1, 1, 0, 1, 2)	1125.1
(0, 0, 1, 1, 0, 2, 0)	972.9
(0, 0, 1, 1, 0, 2, 1)	1226.4
(0, 0, 1, 1, 0, 2, 2)	944.7
(0, 0, 1, 1, 1, 0, 0)	1358.6
(0, 0, 1, 1, 1, 0, 1)	1376.3
(0, 0, 1, 1, 1, 0, 2)	1184.9
(0, 0, 1, 1, 1, 1, 0)	1277.5
(0, 0, 1, 1, 1, 1, 1)	1542.2
(0, 0, 1, 1, 1, 1, 2)	1262.7
(0, 0, 1, 1, 1, 2, 0)	1251.8
(0, 0, 1, 1, 1, 2, 1)	1351.8
(0, 0, 1, 1, 1, 2, 2)	1344.2
(0, 0, 1, 1, 2, 0, 0)	1308.1
(0, 0, 1, 1, 2, 0, 1)	1161.1
(0, 0, 1, 1, 2, 0, 2)	1125.7
(0, 0, 1, 1, 2, 1, 0)	1157.8
(0, 0, 1, 1, 2, 1, 1)	1103.8
(0, 0, 1, 1, 2, 1, 2)	998.9
(0, 0, 1, 1, 2, 2, 0)	1262.1
(0, 0, 1, 1, 2, 2, 1)	1125.0
(0, 0, 1, 1, 2, 2, 2)	1144.1
(0, 0, 1, 2, 0, 0, 0)	526.7
(0, 0, 1, 2, 0, 0, 1)	633.2
(0, 0, 1, 2, 0, 0, 2)	624.5
(0, 0, 1, 2, 0, 1, 0)	643.4
(0, 0, 1, 2, 0, 1, 1)	618.0
(0, 0, 1, 2, 0, 1, 2)	631.2
(0, 0, 1, 2, 0, 2, 0)	549.9
(0, 0, 1, 2, 0, 2, 1)	576.1
(0, 0, 1, 2, 0, 2, 2)	650.8
(0, 0, 1, 2, 1, 0, 0)	909.7
(0, 0, 1, 2, 1, 0, 1)	883.6
(0, 0, 1, 2, 1, 0, 2)	1026.8
(0, 0, 1, 2, 1, 1, 0)	807.1
(0, 0, 1, 2, 1, 1, 1)	1024.6
(0, 0, 1, 2, 1, 1, 2)	871.3
(0, 0, 1, 2, 1, 2, 0)	980.4
(0, 0, 1, 2, 1, 2, 1)	938.1
(0, 0, 1, 2, 1, 2, 2)	757.4
(0, 0, 1, 2, 2, 0, 0)	680.7
(0, 0, 1, 2, 2, 0, 1)	639.3
(0, 0, 1, 2, 2, 0, 2)	706.2
(0, 0, 1, 2, 2, 1, 0)	784.3
(0, 0, 1, 2, 2, 1, 1)	566.1
(0, 0, 1, 2, 2, 1, 2)	580.7
(0, 0, 1, 2, 2, 2, 0)	519.9
(0, 0, 1, 2, 2, 2, 1)	634.3
(0, 0, 1, 2, 2, 2, 2)	373.4
(0, 0, 2, 0, 0, 0, 0)	0.0
(0, 0, 2, 0, 0, 0, 1)	24.2
(0, 0, 2, 0, 0, 0, 2)	0.0
(0, 0, 2, 0, 0, 1, 0)	93.8
(0, 0, 2, 0, 0, 1, 1)	74.6
(0, 0, 2, 0, 0, 1, 2)	18.3
(0, 0, 2, 0, 0, 2, 0)	0.0
(0, 0, 2, 0, 0, 2, 1)	18.1
(0, 0, 2, 0, 0, 2, 2)	0.0
(0, 0, 2, 0, 1, 0, 0)	261.5
(0, 0, 2, 0, 1, 0, 1)	305.7
(0, 0, 2, 0, 1, 0, 2)	293.4
(0, 0, 2, 0, 1, 1, 0)	301.5
(0, 0, 2, 0, 1, 1, 1)	331.8
(0, 0, 2, 0, 1, 1, 2)	240.4
(0, 0, 2, 0, 1, 2, 0)	247.8
(0, 0, 2, 0, 1, 2, 1)	327.9
(0, 0, 2, 0, 1, 2, 2)	315.5
(0, 0, 2, 0, 2, 0, 0)	0.0
(0, 0, 2, 0, 2, 0, 1)	58.4
(0, 0, 2, 0, 2, 0, 2)	0.0
(0, 0, 2, 0, 2, 1, 0)	32.1
(0, 0, 2, 0, 2, 1, 1)	71.9
(0, 0, 2, 0, 2, 1, 2)	41.6
(0, 0, 2, 0, 2, 2, 0)	0.0
(0, 0, 2, 0, 2, 2, 1)	26.2
(0, 0, 2, 0, 2, 2, 2)	0.0
(0, 0, 2, 1, 0, 0, 0)	512.9
(0, 0, 2, 1, 0, 0, 1)	515.4
(0, 0, 2, 1, 0, 0, 2)	394.1
(0, 0, 2, 1, 0, 1, 0)	545.3
(0, 0, 2, 1, 0, 1, 1)	545.4
(0, 0, 2, 1, 0, 1, 2)	497.9
(0, 0, 2, 1, 0, 2, 0)	486.2
(0, 0, 2, 1, 0, 2, 1)	548.1
(0, 0, 2, 1, 0, 2, 2)	539.6
(0, 0, 2, 1, 1, 0, 0)	745.2
(0, 0, 2, 1, 1, 0, 1)	622.7
(0, 0, 2, 1, 1, 0, 2)	775.6
(0, 0, 2, 1, 1, 1, 0)	772.7
(0, 0, 2, 1, 1, 1, 1)	686.4
(0, 0, 2, 1, 1, 1, 2)	725.5
(0, 0, 2, 1, 1, 2, 0)	737.6
(0, 0, 2, 1, 1, 2, 1)	705.8
(0, 0, 2, 1, 1, 2, 2)	775.6
(0, 0, 2, 1, 2, 0, 0)	522.6
(0, 0, 2, 1, 2, 0, 1)	469.1
(0, 0, 2, 1, 2, 0, 2)	487.0
(0, 0, 2, 1, 2, 1, 0)	429.6
(0, 0, 2, 1, 2, 1, 1)	514.0
(0, 0, 2, 1, 2, 1, 2)	456.7
(0, 0, 2, 1, 2, 2, 0)	462.2
(0, 0, 2, 1, 2, 2, 1)	443.3
(0, 0, 2, 1, 2, 2, 2)	530.6
(0, 0, 2, 2, 0, 0, 0)	0.0
(0, 0, 2, 2, 0, 0, 1)	90.9
(0, 0, 2, 2, 0, 0, 2)	0.0
(0, 0, 2, 2, 0, 1, 0)	36.5
(0, 0, 2, 2, 0, 1, 1)	80.4
(0, 0, 2, 2, 0, 1, 2)	53.0
(0, 0, 2, 2, 0, 2, 0)	0.0
(0, 0, 2, 2, 0, 2, 1)	13.6
(0, 0, 2, 2, 0, 2, 2)	0.0
(0, 0, 2, 2, 1, 0, 0)	304.6
(0, 0, 2, 2, 1, 0, 1)	292.5
(0, 0, 2, 2, 1, 0, 2)	230.9
(0, 0, 2, 2, 1, 1, 0)	290.1
(0, 0, 2, 2, 1, 1, 1)	298.5
(0, 0, 2, 2, 1, 1, 2)	242.1
(0, 0, 2, 2, 1, 2, 0)	266.6
(0, 0, 2, 2, 1, 2, 1)	256.4
(0, 0, 2, 2, 1, 2, 2)	330.8
(0, 0, 2, 2, 2, 0, 0)	0.0
(0, 0, 2, 2, 2, 0, 1)	35.1
(0, 0, 2, 2, 2, 0, 2)	0.0
(0, 0, 2, 2, 2, 1, 0)	83.6
(0, 0, 2, 2, 2, 1, 1)	109.9
(0, 0, 2, 2, 2, 1, 2)	20.8
(0, 0, 2, 2, 2, 2, 0)	0.0
(0, 0, 2, 2, 2, 2, 1)	40.5
(0, 0, 2, 2, 2, 2, 2)	0.0
(0, 1, 0, 0, 0, 0, 0)	680.5
(0, 1, 0, 0, 0, 0, 1)	699.2
(0, 1, 0, 0, 0, 0, 2)	673.8
(0, 1, 0, 0, 0, 1, 0)	917.9
(0, 1, 0, 0, 0, 1, 1)	916.4
(0, 1, 0, 0, 0, 1, 2)	638.7
(0, 1, 0, 0, 0, 2, 0)	680.0
(0, 1, 0, 0, 0, 2, 1)	542.6
(0, 1, 0, 0, 0, 2, 2)	552.0
(0, 1, 0, 0, 1, 0, 0)	917.6
(0, 1, 0, 0, 1, 0, 1)	1188.2
(0, 1, 0, 0, 1, 0, 2)	1081.1
(0, 1, 0, 0, 1, 1, 0)	1098.9
(0, 1, 0, 0, 1, 1, 1)	1243.7
(0, 1, 0, 0, 1, 1, 2)	803.1
(0, 1, 0, 0, 1, 2, 0)	949.4
(0, 1, 0, 0, 1, 2, 1)	919.5
(0, 1, 0, 0, 1, 2, 2)	742.4
(0, 1, 0, 0, 2, 0, 0)	591.7
(0, 1, 0, 0, 2, 0, 1)	864.0
(0, 1, 0, 0, 2, 0, 2)	512.0
(0, 1, 0, 0, 2, 1, 0)	747.1
(0, 1, 0, 0, 2, 1, 1)	697.7
(0, 1, 0, 0, 2, 1, 2)	647.3
(0, 1, 0, 0, 2, 2, 0)	603.5
(0, 1, 0, 0, 2, 2, 1)	573.2
(0, 1, 0, 0, 2, 2, 2)	581.1
(0, 1, 0, 1, 0, 0, 0)	1123.6
(0, 1, 0, 1, 0, 0, 1)	1439.4
(0, 1, 0, 1, 0, 0, 2)	962.6
(0, 1, 0, 1, 0, 1, 0)	1380.2
(0, 1, 0, 1, 0, 1, 1)	1479.0
(0, 1, 0, 1, 0, 1, 2)	1414.2
(0, 1, 0, 1, 0, 2, 0)	972.4
(0, 1, 0, 1, 0, 2, 1)	1102.4
(0, 1, 0, 1, 0, 2, 2)	1069.7
(0, 1, 0, 1, 1, 0, 0)	1458.9
(0, 1, 0, 1, 1, 0, 1)	1710.6
(0, 1, 0, 1, 1, 0, 2)	1180.9
(0, 1, 0, 1, 1, 1, 0)	1554.9
(0, 1, 0, 1, 1, 1, 1)	1696.1
(0, 1, 0, 1, 1, 1, 2)	1368.4
(0, 1, 0, 1, 1, 2, 0)	1380.4
(0, 1, 0, 1, 1, 2, 1)	1345.5
(0, 1, 0, 1, 1, 2, 2)	1254.9
(0, 1, 0, 1, 2, 0, 0)	1025.5
(0, 1, 0, 1, 2, 0, 1)	1251.1
(0, 1, 0, 1, 2, 0, 2)	1080.2
(0, 1, 0, 1, 2, 1, 0)	1142.1
(0, 1, 0, 1, 2, 1, 1)	1438.1
(0, 1, 0, 1, 2, 1, 2)	1144.6
(0, 1, 0, 1, 2, 2, 0)	1046.7
(0, 1, 0, 1, 2, 2, 1)	1029.5
(0, 1, 0, 1, 2, 2, 2)	1178.6
(0, 1, 0, 2, 0, 0, 0)	615.5
(0, 1, 0, 2, 0, 0, 1)	659.8
(0, 1, 0, 2, 0, 0, 2)	716.7
(0, 1, 0, 2, 0, 1, 0)	890.4
(0, 1, 0, 2, 0, 1, 1)	837.8
(0, 1, 0, 2, 0, 1, 2)	652.2
(0, 1, 0, 2, 0, 2, 0)	643.9
(0, 1, 0, 2, 0, 2, 1)	728.4
(0, 1, 0, 2, 0, 2, 2)	581.3
(0, 1, 0, 2, 1, 0, 0)	959.9
(0, 1, 0, 2, 1, 0, 1)	1125.0
(0, 1, 0, 2, 1, 0, 2)	862.2
(0, 1, 0, 2, 1, 1, 0)	961.9
(0, 1, 0, 2, 1, 1, 1)	1262.7
(0, 1, 0, 2, 1, 1, 2)	1138.4
(0, 1, 0, 2, 1, 2, 0)	792.3
(0, 1, 0, 2, 1, 2, 1)	990.5
(0, 1, 0, 2, 1, 2, 2)	825.2
(0, 1, 0, 2, 2, 0, 0)	563.9
(0, 1, 0, 2, 2, 0, 1)	927.3
(0, 1, 0, 2, 2, 0, 2)	529.2
(0, 1, 0, 2, 2, 1, 0)	747.0
(0, 1, 0, 2, 2, 1, 1)	1014.5
(0, 1, 0, 2, 2, 1, 2)	658.8
(0, 1, 0, 2, 2, 2, 0)	583.3
(0, 1, 0, 2, 2, 2, 1)	705.8
(0, 1, 0, 2, 2, 2, 2)	529.0
(0, 1, 1, 0, 0, 0, 0)	1277.0
(0, 1, 1, 0, 0, 0, 1)	1232.9
(0, 1, 1, 0, 0, 0, 2)	1267.7
(0, 1, 1, 0, 0, 1, 0)	1178.7
(0, 1, 1, 0, 0, 1, 1)	1236.7
(0, 1, 1, 0, 0, 1, 2)	1062.9
(0, 1, 1, 0, 0, 2, 0)	1147.4
(0, 1, 1, 0, 0, 2, 1)	1188.5
(0, 1, 1, 0, 0, 2, 2)	1143.7
(0, 1, 1, 0, 1, 0, 0)	1628.6
(0, 1, 1, 0, 1, 0, 1)	1459.6
(0, 1, 1, 0, 1, 0, 2)	1281.3
(0, 1, 1, 0, 1, 1, 0)	1622.5
(0, 1, 1, 0, 1, 1, 1)	1548.5
(0, 1, 1, 0, 1, 1, 2)	1295.5
(0, 1, 1, 0, 1, 2, 0)	1333.7
(0, 1, 1, 0, 1, 2, 1)	1493.9
(0, 1, 1, 0, 1, 2, 2)	1378.3
(0, 1, 1, 0, 2, 0, 0)	1104.9
(0, 1, 1, 0, 2, 0, 1)	1207.5
(0, 1, 1, 0, 2, 0, 2)	1331.1
(0, 1, 1, 0, 2, 1, 0)	1173.1
(0, 1, 1, 0, 2, 1, 1)	1205.6
(0, 1, 1, 0, 2, 1, 2)	1240.0
(0, 1, 1, 0, 2, 2, 0)	1433.9
(0, 1, 1, 0, 2, 2, 1)	1118.5
(0, 1, 1, 0, 2, 2, 2)	1111.0
(0, 1, 1, 1, 0, 0, 0)	1635.3
(0, 1, 1, 1, 0, 0, 1)	1654.3
(0, 1, 1, 1, 0, 0, 2)	1601.1
(0, 1, 1, 1, 0, 1, 0)	1842.9
(0, 1, 1, 1, 0, 1, 1)	1663.9
(0, 1, 1, 1, 0, 1, 2)	1618.0
(0, 1, 1, 1, 0, 2, 0)	1613.1
(0, 1, 1, 1, 0, 2, 1)	1504.9
(0, 1, 1, 1, 0, 2, 2)	1456.6
(0, 1, 1, 1, 1, 0, 0)	1905.6
(0, 1, 1, 1, 1, 0, 1)	2017.0
(0, 1, 1, 1, 1, 0, 2)	2080.9
(0, 1, 1, 1, 1, 1, 0)	1917.1
(0, 1, 1, 1, 1, 1, 1)	1943.0
(0, 1, 1, 1, 1, 1, 2)	1972.4
(0, 1, 1, 1, 1, 2, 0)	1826.6
(0, 1, 1, 1, 1, 2, 1)	1821.7
(0, 1, 1, 1, 1, 2, 2)	1932.2
(0, 1, 1, 1, 2, 0, 0)	1446.9
(0, 1, 1, 1, 2, 0, 1)	1659.0
(0, 1, 1, 1, 2, 0, 2)	1632.7
(0, 1, 1, 1, 2, 1, 0)	1688.1
(0, 1, 1, 1, 2, 1, 1)	1737.4
(0, 1, 1, 1, 2, 1, 2)	1720.1
(0, 1, 1, 1, 2, 2, 0)	1570.6
(0, 1, 1, 1, 2, 2, 1)	1660.9
(0, 1, 1, 1, 2, 2, 2)	1539.7
(0, 1, 1, 2, 0, 0, 0)	1355.1
(0, 1, 1, 2, 0, 0, 1)	1386.5
(0, 1, 1, 2, 0, 0, 2)	1281.4
(0, 1, 1, 2, 0, 1, 0)	1400.0
(0, 1, 1, 2, 0, 1, 1)	1266.0
(0, 1, 1, 2, 0, 1, 2)	1163.5
(0, 1, 1, 2, 0, 2, 0)	1292.0
(0, 1, 1, 2, 0, 2, 1)	1190.7
(0, 1, 1, 2, 0, 2, 2)	1177.7
(0, 1, 1, 2, 1, 0, 0)	1547.5
(0, 1, 1, 2, 1, 0, 1)	1644.8
(0, 1, 1, 2, 1, 0, 2)	1398.8
(0, 1, 1, 2, 1, 1, 0)	1757.4
(0, 1, 1, 2, 1, 1, 1)	1620.9
(0, 1, 1, 2, 1, 1, 2)	1624.6
(0, 1, 1, 2, 1, 2, 0)	1554.1
(0, 1, 1, 2, 1, 2, 1)	1553.0
(0, 1, 1, 2, 1, 2, 2)	1531.0
(0, 1, 1, 2, 2, 0, 0)	1155.8
(0, 1, 1, 2, 2, 0, 1)	1195.2
(0, 1, 1, 2, 2, 0, 2)	1192.6
(0, 1, 1, 2, 2, 1, 0)	1308.4
(0, 1, 1, 2, 2, 1, 1)	1234.9
(0, 1, 1, 2, 2, 1, 2)	1147.8
(0, 1, 1, 2, 2, 2, 0)	1129.2
(0, 1, 1, 2, 2, 2, 1)	1156.9
(0, 1, 1, 2, 2, 2, 2)	927.0
(0, 1, 2, 0, 0, 0, 0)	576.1
(0, 1, 2, 0, 0, 0, 1)	569.5
(0, 1, 2, 0, 0, 0, 2)	642.8
(0, 1, 2, 0, 0, 1, 0)	641.5
(0, 1, 2, 0, 0, 1, 1)	633.0
(0, 1, 2, 0, 0, 1, 2)	646.1
(0, 1, 2, 0, 0, 2, 0)	632.6
(0, 1, 2, 0, 0, 2, 1)	603.4
(0, 1, 2, 0, 0, 2, 2)	641.5
(0, 1, 2, 0, 1, 0, 0)	822.6
(0, 1, 2, 0, 1, 0, 1)	889.5
(0, 1, 2, 0, 1, 0, 2)	853.9
(0, 1, 2, 0, 1, 1, 0)	852.6
(0, 1, 2, 0, 1, 1, 1)	1023.4
(0, 1, 2, 0, 1, 1, 2)	987.2
(0, 1, 2, 0, 1, 2, 0)	849.7
(0, 1, 2, 0, 1, 2, 1)	876.5
(0, 1, 2, 0, 1, 2, 2)	821.8
(0, 1, 2, 0, 2, 0, 0)	648.0
(0, 1, 2, 0, 2, 0, 1)	568.1
(0, 1, 2, 0, 2, 0, 2)	552.0
(0, 1, 2, 0, 2, 1, 0)	592.2
(0, 1, 2, 0, 2, 1, 1)	657.2
(0, 1, 2, 0, 2, 1, 2)	567.5
(0, 1, 2, 0, 2, 2, 0)	660.7
(0, 1, 2, 0, 2, 2, 1)	576.3
(0, 1, 2, 0, 2, 2, 2)	523.0
(0, 1, 2, 1, 0, 0, 0)	1164.5
(0, 1, 2, 1, 0, 0, 1)	1094.6
(0, 1, 2, 1, 0, 0, 2)	938.2
(0, 1, 2, 1, 0, 1, 0)	952.8
(0, 1, 2, 1, 0, 1, 1)	1164.0
(0, 1, 2, 1, 0, 1, 2)	1064.4
(0, 1, 2, 1, 0, 2, 0)	1084.6
(0, 1, 2, 1, 0, 2, 1)	955.4
(0, 1, 2, 1, 0, 2, 2)	1025.8
(0, 1, 2, 1, 1, 0, 0)	1341.9
(0, 1, 2, 1, 1, 0, 1)	1545.2
(0, 1, 2, 1, 1, 0, 2)	1328.7
(0, 1, 2, 1, 1, 1, 0)	1497.1
(0, 1, 2, 1, 1, 1, 1)	1381.5
(0, 1, 2, 1, 1, 1, 2)	1344.2
(0, 1, 2, 1, 1, 2, 0)	1473.2
(0, 1, 2, 1, 1, 2, 1)	1422.1
(0, 1, 2, 1, 1, 2, 2)	1230.5
(0, 1, 2, 1, 2, 0, 0)	1040.5
(0, 1, 2, 1, 2, 0, 1)	947.8
(0, 1, 2, 1, 2, 0, 2)	980.0
(0, 1, 2, 1, 2, 1, 0)	1093.7
(0, 1, 2, 1, 2, 1, 1)	1024.3
(0, 1, 2, 1, 2, 1, 2)	1159.3
(0, 1, 2, 1, 2, 2, 0)	1004.0
(0, 1, 2, 1, 2, 2, 1)	965.9
(0, 1, 2, 1, 2, 2, 2)	1104.9
(0, 1, 2, 2, 0, 0, 0)	721.2
(0, 1, 2, 2, 0, 0, 1)	603.9
(0, 1, 2, 2, 0, 0, 2)	510.6
(0, 1, 2, 2, 0, 1, 0)	699.9
(0, 1, 2, 2, 0, 1, 1)	606.0
(0, 1, 2, 2, 0, 1, 2)	566.6
(0, 1, 2, 2, 0, 2, 0)	567.5
(0, 1, 2, 2, 0, 2, 1)	541.3
(0, 1, 2, 2, 0, 2, 2)	587.6
(0, 1, 2, 2, 1, 0, 0)	888.8
(0, 1, 2, 2, 1, 0, 1)	837.5
(0, 1, 2, 2, 1, 0, 2)	789.9
(0, 1, 2, 2, 1, 1, 0)	942.5
(0, 1, 2, 2, 1, 1, 1)	874.4
(0, 1, 2, 2, 1, 1, 2)	926.8
(0, 1, 2, 2, 1, 2, 0)	816.4
(0, 1, 2, 2, 1, 2, 1)	842.2
(0, 1, 2, 2, 1, 2, 2)	863.2
(0, 1, 2, 2, 2, 0, 0)	679.5
(0, 1, 2, 2, 2, 0, 1)	610.4
(0, 1, 2, 2, 2, 0, 2)	606.4
(0, 1, 2, 2, 2, 1, 0)	553.1
(0, 1, 2, 2, 2, 1, 1)	524.4
(0, 1, 2, 2, 2, 1, 2)	589.4
(0, 1, 2, 2, 2, 2, 0)	655.6
(0, 1, 2, 2, 2, 2, 1)	617.8
(0, 1, 2, 2, 2, 2, 2)	581.0
(0, 2, 0, 0, 0, 0, 0)	0.0
(0, 2, 0, 0, 0, 0, 1)	296.5
(0, 2, 0, 0, 0, 0, 2)	0.0
(0, 2, 0, 0, 0, 1, 0)	419.1
(0, 2, 0, 0, 0, 1, 1)	435.2
(0, 2, 0, 0, 0, 1, 2)	188.8
(0, 2, 0, 0, 0, 2, 0)	0.0
(0, 2, 0, 0, 0, 2, 1)	179.4
(0, 2, 0, 0, 0, 2, 2)	0.0
(0, 2, 0, 0, 1, 0, 0)	264.6
(0, 2, 0, 0, 1, 0, 1)	476.7
(0, 2, 0, 0, 1, 0, 2)	232.3
(0, 2, 0, 0, 1, 1, 0)	526.5
(0, 2, 0, 0, 1, 1, 1)	497.8
(0, 2, 0, 0, 1, 1, 2)	530.0
(0, 2, 0, 0, 1, 2, 0)	322.4
(0, 2, 0, 0, 1, 2, 1)	362.9
(0, 2, 0, 0, 1, 2, 2)	236.5
(0, 2, 0, 0, 2, 0, 0)	0.0
(0, 2, 0, 0, 2, 0, 1)	278.4
(0, 2, 0, 0, 2, 0, 2)	0.0
(0, 2, 0, 0, 2, 1, 0)	371.1
(0, 2, 0, 0, 2, 1, 1)	291.2
(0, 2, 0, 0, 2, 1, 2)	138.7
(0, 2, 0, 0, 2, 2, 0)	0.0
(0, 2, 0, 0, 2, 2, 1)	228.9
(0, 2, 0, 0, 2, 2, 2)	0.0
(0, 2, 0, 1, 0, 0, 0)	432.2
(0, 2, 0, 1, 0, 0, 1)	526.0
(0, 2, 0, 1, 0, 0, 2)	540.8
(0, 2, 0, 1, 0, 1, 0)	778.4
(0, 2, 0, 1, 0, 1, 1)	728.5
(0, 2, 0, 1, 0, 1, 2)	631.6
(0, 2, 0, 1, 0, 2, 0)	427.0
(0, 2, 0, 1, 0, 2, 1)	532.4
(0, 2, 0, 1, 0, 2, 2)	413.7
(0, 2, 0, 1, 1, 0, 0)	688.4
(0, 2, 0, 1, 1, 0, 1)	817.0
(0, 2, 0, 1, 1, 0, 2)	785.9
(0, 2, 0, 1, 1, 1, 0)	874.5
(0, 2, 0, 1, 1, 1, 1)	1078.2
(0, 2, 0, 1, 1, 1, 2)	852.9
(0, 2, 0, 1, 1, 2, 0)	765.3
(0, 2, 0, 1, 1, 2, 1)	828.5
(0, 2, 0, 1, 1, 2, 2)	733.8
(0, 2, 0, 1, 2, 0, 0)	461.3
(0, 2, 0, 1, 2, 0, 1)	488.7
(0, 2, 0, 1, 2, 0, 2)	447.4
(0, 2, 0, 1, 2, 1, 0)	608.2
(0, 2, 0, 1, 2, 1, 1)	751.6
(0, 2, 0, 1, 2, 1, 2)	507.5
(0, 2, 0, 1, 2, 2, 0)	419.3
(0, 2, 0, 1, 2, 2, 1)	484.0
(0, 2, 0, 1, 2, 2, 2)	469.5
(0, 2, 0, 2, 0, 0, 0)	0.0
(0, 2, 0, 2, 0, 0, 1)	315.6
(0, 2, 0, 2, 0, 0, 2)	0.0
(0, 2, 0, 2, 0, 1, 0)	227.1
(0, 2, 0, 2, 0, 1, 1)	389.0
(0, 2, 0, 2, 0, 1, 2)	283.2
(0, 2, 0, 2, 0, 2, 0)	0.0
(0, 2, 0, 2, 0, 2, 1)	163.1
(0, 2, 0, 2, 0, 2, 2)	0.0
(0, 2, 0, 2, 1, 0, 0)	348.7
(0, 2, 0, 2, 1, 0, 1)	444.2
(0, 2, 0, 2, 1, 0, 2)	306.6
(0, 2, 0, 2, 1, 1, 0)	453.1
(0, 2, 0, 2, 1, 1, 1)	634.9
(0, 2, 0, 2, 1, 1, 2)	430.7
(0, 2, 0, 2, 1, 2, 0)	340.7
(0, 2, 0, 2, 1, 2, 1)	327.0
(0, 2, 0, 2, 1, 2, 2)	297.6
(0, 2, 0, 2, 2, 0, 0)	0.0
(0, 2, 0, 2, 2, 0, 1)	307.0
(0, 2, 0, 2, 2, 0, 2)	0.0
(0, 2, 0, 2, 2, 1, 0)	246.9
(0, 2, 0, 2, 2, 1, 1)	330.3
(0, 2, 0, 2, 2, 1, 2)	300.3
(0, 2, 0, 2, 2, 2, 0)	0.0
(0, 2, 0, 2, 2, 2, 1)	192.6
(0, 2, 0, 2, 2, 2, 2)	0.0
(0, 2, 1, 0, 0, 0, 0)	578.0
(0, 2, 1, 0, 0, 0, 1)	736.9
(0, 2, 1, 0, 0, 0, 2)	648.8
(0, 2, 1, 0, 0, 1, 0)	659.7
(0, 2, 1, 0, 0, 1, 1)	739.3
(0, 2, 1, 0, 0, 1, 2)	573.9
(0, 2, 1, 0, 0, 2, 0)	566.1
(0, 2, 1, 0, 0, 2, 1)	642.7
(0, 2, 1, 0, 0, 2, 2)	564.1
(0, 2, 1, 0, 1, 0, 0)	989.9
(0, 2, 1, 0, 1, 0, 1)	978.4
(0, 2, 1, 0, 1, 0, 2)	973.4
(0, 2, 1, 0, 1, 1, 0)	926.8
(0, 2, 1, 0, 1, 1, 1)	1002.8
(0, 2, 1, 0, 1, 1, 2)	863.5
(0, 2, 1, 0, 1, 2, 0)	896.7
(0, 2, 1, 0, 1, 2, 1)	1010.4
(0, 2, 1, 0, 1, 2, 2)	663.3
(0, 2, 1, 0, 2, 0, 0)	756.1
(0, 2, 1, 0, 2, 0, 1)	743.0
(0, 2, 1, 0, 2, 0, 2)	655.2
(0, 2, 1, 0, 2, 1, 0)	648.0
(0, 2, 1, 0, 2, 1, 1)	831.1
(0, 2, 1, 0, 2, 1, 2)	596.4
(0, 2, 1, 0, 2, 2, 0)	613.3
(0, 2, 1, 0, 2, 2, 1)	617.7
(0, 2, 1, 0, 2, 2, 2)	495.0
(0, 2, 1, 1, 0, 0, 0)	1136.8
(0, 2, 1, 1, 0, 0, 1)	1147.4
(0, 2, 1, 1, 0, 0, 2)	995.9
(0, 2, 1, 1, 0, 1, 0)	1193.9
(0, 2, 1, 1, 0, 1, 1)	1317.9
(0, 2, 1, 1, 0, 1, 2)	1165.0
(0, 2, 1, 1, 0, 2, 0)	1004.8
(0, 2, 1, 1, 0, 2, 1)	1259.4
(0, 2, 1, 1, 0, 2, 2)	1026.1
(0, 2, 1, 1, 1, 0, 0)	1241.6
(0, 2, 1, 1, 1, 0, 1)	1373.8
(0, 2, 1, 1, 1, 0, 2)	1399.8
(0, 2, 1, 1, 1, 1, 0)	1428.5
(0, 2, 1, 1, 1, 1, 1)	1368.8
(0, 2, 1, 1, 1, 1, 2)	1334.7
(0, 2, 1, 1, 1, 2, 0)	1320.5
(0, 2, 1, 1, 1, 2, 1)	1290.7
(0, 2, 1, 1, 1, 2, 2)	1294.1
(0, 2, 1, 1, 2, 0, 0)	1289.0
(0, 2, 1, 1, 2, 0, 1)	1131.8
(0, 2, 1, 1, 2, 0, 2)	1122.6
(0, 2, 1, 1, 2, 1, 0)	979.8
(0, 2, 1, 1, 2, 1, 1)	930.9
(0, 2, 1, 1, 2, 1, 2)	1113.1
(0, 2, 1, 1, 2, 2, 0)	1145.1
(0, 2, 1, 1, 2, 2, 1)	1132.4
(0, 2, 1, 1, 2, 2, 2)	986.7
(0, 2, 1, 2, 0, 0, 0)	697.0
(0, 2, 1, 2, 0, 0, 1)	658.3
(0, 2, 1, 2, 0, 0, 2)	668.2
(0, 2, 1, 2, 0, 1, 0)	690.0
(0, 2, 1, 2, 0, 1, 1)	648.2
(0, 2, 1, 2, 0, 1, 2)	738.9
(0, 2, 1, 2, 0, 2, 0)	506.0
(0, 2, 1, 2, 0, 2, 1)	633.5
(0, 2, 1, 2, 0, 2, 2)	614.3
(0, 2, 1, 2, 1, 0, 0)	853.5
(0, 2, 1, 2, 1, 0, 1)	942.8
(0, 2, 1, 2, 1, 0, 2)	823.4
(0, 2, 1, 2, 1, 1, 0)	988.4
(0, 2, 1, 2, 1, 1, 1)	923.1
(0, 2, 1, 2, 1, 1, 2)	830.8
(0, 2, 1, 2, 1, 2, 0)	902.3
(0, 2, 1, 2, 1, 2, 1)	915.6
(0, 2, 1, 2, 1, 2, 2)	853.4
(0, 2, 1, 2, 2, 0, 0)	571.9
(0, 2, 1, 2, 2, 0, 1)	580.6
(0, 2, 1, 2, 2, 0, 2)	580.7
(0, 2, 1, 2, 2, 1, 0)	765.4
(0, 2, 1, 2, 2, 1, 1)	587.8
(0, 2, 1, 2, 2, 1, 2)	627.5
(0, 2, 1, 2, 2, 2, 0)	632.0
(0, 2, 1, 2, 2, 2, 1)	538.7
(0, 2, 1, 2, 2, 2, 2)	616.1
(0, 2, 2, 0, 0, 0, 0)	0.0
(0, 2, 2, 0, 0, 0, 1)	57.8
(0, 2, 2, 0, 0, 0, 2)	0.0
(0, 2, 2, 0, 0, 1, 0)	19.7
(0, 2, 2, 0, 0, 1, 1)	132.1
(0, 2, 2, 0, 0, 1, 2)	30.4
(0, 2, 2, 0, 0, 2, 0)	0.0
(0, 2, 2, 0, 0, 2, 1)	15.2
(0, 2, 2, 0, 0, 2, 2)	0.0
(0, 2, 2, 0, 1, 0, 0)	280.0
(0, 2, 2, 0, 1, 0, 1)	232.0
(0, 2, 2, 0, 1, 0, 2)	272.9
(0, 2, 2, 0, 1, 1, 0)	284.1
(0, 2, 2, 0, 1, 1, 1)	301.7
(0, 2, 2, 0, 1, 1, 2)	243.3
(0, 2, 2, 0, 1, 2, 0)	286.7
(0, 2, 2, 0, 1, 2, 1)	278.1
(0, 2, 2, 0, 1, 2, 2)	295.7
(0, 2, 2, 0, 2, 0, 0)	0.0
(0, 2, 2, 0, 2, 0, 1)	103.9
(0, 2, 2, 0, 2, 0, 2)	0.0
(0, 2, 2, 0, 2, 1, 0)	97.3
(0, 2, 2, 0, 2, 1, 1)	156.5
(0, 2, 2, 0, 2, 1, 2)	20.0
(0, 2, 2, 0, 2, 2, 0)	0.0
(0, 2, 2, 0, 2, 2, 1)	13.3
(0, 2, 2, 0, 2, 2, 2)	0.0
(0, 2, 2, 1, 0, 0, 0)	500.6
(0, 2, 2, 1, 0, 0, 1)	524.0
(0, 2, 2, 1, 0, 0, 2)	444.2
(0, 2, 2, 1, 0, 1, 0)	372.5
(0, 2, 2, 1, 0, 1, 1)	443.2
(0, 2, 2, 1, 0, 1, 2)	423.9
(0, 2, 2, 1, 0, 2, 0)	488.9
(0, 2, 2, 1, 0, 2, 1)	394.6
(0, 2, 2, 1, 0, 2, 2)	403.3
(0, 2, 2, 1, 1, 0, 0)	680.2
(0, 2, 2, 1, 1, 0, 1)	787.3
(0, 2, 2, 1, 1, 0, 2)	614.7
(0, 2, 2, 1, 1, 1, 0)	680.0
(0, 2, 2, 1, 1, 1, 1)	852.8
(0, 2, 2, 1, 1, 1, 2)	663.8
(0, 2, 2, 1, 1, 2, 0)	822.1
(0, 2, 2, 1, 1, 2, 1)	706.9
(0, 2, 2, 1, 1, 2, 2)	709.2
(0, 2, 2, 1, 2, 0, 0)	409.2
(0, 2, 2, 1, 2, 0, 1)	476.1
(0, 2, 2, 1, 2, 0, 2)	509.3
(0, 2, 2, 1, 2, 1, 0)	445.9
(0, 2, 2, 1, 2, 1, 1)	477.1
(0, 2, 2, 1, 2, 1, 2)	442.9
(0, 2, 2, 1, 2, 2, 0)	430.1
(0, 2, 2, 1, 2, 2, 1)	433.6
(0, 2, 2, 1, 2, 2, 2)	414.0
(0, 2, 2, 2, 0, 0, 0)	0.0
(0, 2, 2, 2, 0, 0, 1)	62.4
(0, 2, 2, 2, 0, 0, 2)	0.0
(0, 2, 2, 2, 0, 1, 0)	52.3
(0, 2, 2, 2, 0, 1, 1)	112.9
(0, 2, 2, 2, 0, 1, 2)	47.3
(0, 2, 2, 2, 0, 2, 0)	0.0
(0, 2, 2, 2, 0, 2, 1)	16.4
(0, 2, 2, 2, 0, 2, 2)	0.0
(0, 2, 2, 2, 1, 0, 0)	304.0
(0, 2, 2, 2, 1, 0, 1)	278.1
(0, 2, 2, 2, 1, 0, 2)	260.2
(0, 2, 2, 2, 1, 1, 0)	315.1
(0, 2, 2, 2, 1, 1, 1)	299.6
(0, 2, 2, 2, 1, 1, 2)	259.0
(0, 2, 2, 2, 1, 2, 0)	295.2
(0, 2, 2, 2, 1, 2, 1)	284.3
(0, 2, 2, 2, 1, 2, 2)	236.2
(0, 2, 2, 2, 2, 0, 0)	0.0
(0, 2, 2, 2, 2, 0, 1)	58.7
(0, 2, 2, 2, 2, 0, 2)	0.0
(0, 2, 2, 2, 2, 1, 0)	94.2
(0, 2, 2, 2, 2, 1, 1)	60.7
(0, 2, 2, 2, 2, 1, 2)	21.4
(0, 2, 2, 2, 2, 2, 0)	0.0
(0, 2, 2, 2, 2, 2, 1)	40.2
(0, 2, 2, 2, 2, 2, 2)	0.0
(1, 0, 0, 0, 0, 0, 0)	1032.8
(1, 0, 0, 0, 0, 0, 1)	982.9
(1, 0, 0, 0, 0, 0, 2)	987.7
(1, 0, 0, 0, 0, 1, 0)	1186.1
(1, 0, 0, 0, 0, 1, 1)	1156.1
(1, 0, 0, 0, 0, 1, 2)	980.8
(1, 0, 0, 0, 0, 2, 0)	947.6
(1, 0, 0, 0, 0, 2, 1)	951.9
(1, 0, 0, 0, 0, 2, 2)	895.3
(1, 0, 0, 0, 1, 0, 0)	1276.0
(1, 0, 0, 0, 1, 0, 1)	1359.3
(1, 0, 0, 0, 1, 0, 2)	1230.5
(1, 0, 0, 0, 1, 1, 0)	1268.9
(1, 0, 0, 0, 1, 1, 1)	1356.4
(1, 0, 0, 0, 1, 1, 2)	1122.6
(1, 0, 0, 0, 1, 2, 0)	1124.0
(1, 0, 0, 0, 1, 2, 1)	1250.8
(1, 0, 0, 0, 1, 2, 2)	978.1
(1, 0, 0, 0, 2, 0, 0)	990.9
(1, 0, 0, 0, 2, 0, 1)	1152.7
(1, 0, 0, 0, 2, 0, 2)	848.8
(1, 0, 0, 0, 2, 1, 0)	1116.0
(1, 0, 0, 0, 2, 1, 1)	1180.3
(1, 0, 0, 0, 2, 1, 2)	1017.3
(1, 0, 0, 0, 2, 2, 0)	888.1
(1, 0, 0, 0, 2, 2, 1)	953.1
(1, 0, 0, 0, 2, 2, 2)	865.2
(1, 0, 0, 1, 0, 0, 0)	1225.2
(1, 0, 0, 1, 0, 0, 1)	1416.0
(1, 0, 0, 1, 0, 0, 2)	1338.0
(1, 0, 0, 1, 0, 1, 0)	1518.7
(1, 0, 0, 1, 0, 1, 1)	1523.7
(1, 0, 0, 1, 0, 1, 2)	1389.9
(1, 0, 0, 1, 0, 2, 0)	1321.8
(1, 0, 0, 1, 0, 2, 1)	1341.5
(1, 0, 0, 1, 0, 2, 2)	1290.6
(1, 0, 0, 1, 1, 0, 0)	1579.1
(1, 0, 0, 1, 1, 0, 1)	1574.4
(1, 0, 0, 1, 1, 0, 2)	1660.5
(1, 0, 0, 1, 1, 1, 0)	1656.7
(1, 0, 0, 1, 1, 1, 1)	1774.9
(1, 0, 0, 1, 1, 1, 2)	1625.2
(1, 0, 0, 1, 1, 2, 0)	1631.8
(1, 0, 0, 1, 1, 2, 1)	1474.9
(1, 0, 0, 1, 1, 2, 2)	1515.0
(1, 0, 0, 1, 2, 0, 0)	1458.7
(1, 0, 0, 1, 2, 0, 1)	1392.9
(1, 0, 0, 1, 2, 0, 2)	1306.9
(1, 0, 0, 1, 2, 1, 0)	1424.6
(1, 0, 0, 1, 2, 1, 1)	1670.4
(1, 0, 0, 1, 2, 1, 2)	1315.2
(1, 0, 0, 1, 2, 2, 0)	1256.8
(1, 0, 0, 1, 2, 2, 1)	1498.6
(1, 0, 0, 1, 2, 2, 2)	1367.2
(1, 0, 0, 2, 0, 0, 0)	1108.3
(1, 0, 0, 2, 0, 0, 1)	1009.8
(1, 0, 0, 2, 0, 0, 2)	921.4
(1, 0, 0, 2, 0, 1, 0)	1002.4
(1, 0, 0, 2, 0, 1, 1)	1283.4
(1, 0, 0, 2, 0, 1, 2)	971.3
(1, 0, 0, 2, 0, 2, 0)	890.4
(1, 0, 0, 2, 0, 2, 1)	842.1
(1, 0, 0, 2, 0, 2, 2)	939.9
(1, 0, 0, 2, 1, 0, 0)	1181.0
(1, 0, 0, 2, 1, 0, 1)	1132.7
(1, 0, 0, 2, 1, 0, 2)	1175.6
(1, 0, 0, 2, 1, 1, 0)	1360.1
(1, 0, 0, 2, 1, 1, 1)	1367.7
(1, 0, 0, 2, 1, 1, 2)	1235.4
(1, 0, 0, 2, 1, 2, 0)	1116.1
(1, 0, 0, 2, 1, 2, 1)	1215.7
(1, 0, 0, 2, 1, 2, 2)	1209.6
(1, 0, 0, 2, 2, 0, 0)	735.5
(1, 0, 0, 2, 2, 0, 1)	842.4
(1, 0, 0, 2, 2, 0, 2)	1022.5
(1, 0, 0, 2, 2, 1, 0)	1156.2
(1, 0, 0, 2, 2, 1, 1)	1020.3
(1, 0, 0, 2, 2, 1, 2)	1041.4
(1, 0, 0, 2, 2, 2, 0)	907.5
(1, 0, 0, 2, 2, 2, 1)	900.5
(1, 0, 0, 2, 2, 2, 2)	813.0
(1, 0, 1, 0, 0, 0, 0)	1431.9
(1, 0, 1, 0, 0, 0, 1)	1438.8
(1, 0, 1, 0, 0, 0, 2)	1241.3
(1, 0, 1, 0, 0, 1, 0)	1570.3
(1, 0, 1, 0, 0, 1, 1)	1558.3
(1, 0, 1, 0, 0, 1, 2)	1336.0
(1, 0, 1, 0, 0, 2, 0)	1473.8
(1, 0, 1, 0, 0, 2, 1)	1400.2
(1, 0, 1, 0, 0, 2, 2)	1385.8
(1, 0, 1, 0, 1, 0, 0)	1682.0
(1, 0, 1, 0, 1, 0, 1)	1789.1
(1, 0, 1, 0, 1, 0, 2)	1628.9
(1, 0, 1, 0, 1, 1, 0)	1578.3
(1, 0, 1, 0, 1, 1, 1)	1757.4
(1, 0, 1, 0, 1, 1, 2)	1629.7
(1, 0, 1, 0, 1, 2, 0)	1514.4
(1, 0, 1, 0, 1, 2, 1)	1672.0
(1, 0, 1, 0, 1, 2, 2)	1658.0
(1, 0, 1, 0, 2, 0, 0)	1468.5
(1, 0, 1, 0, 2, 0, 1)	1417.6
(1, 0, 1, 0, 2, 0, 2)	1391.9
(1, 0, 1, 0, 2, 1, 0)	1578.5
(1, 0, 1, 0, 2, 1, 1)	1479.2
(1, 0, 1, 0, 2, 1, 2)	1369.4
(1, 0, 1, 0, 2, 2, 0)	1424.3
(1, 0, 1, 0, 2, 2, 1)	1523.8
(1, 0, 1, 0, 2, 2, 2)	1180.5
(1, 0, 1, 1, 0, 0, 0)	1954.2
(1, 0, 1, 1, 0, 0, 1)	2022.3
(1, 0, 1, 1, 0, 0, 2)	1808.5
(1, 0, 1, 1, 0, 1, 0)	1871.5
(1, 0, 1, 1, 0, 1, 1)	1982.5
(1, 0, 1, 1, 0, 1, 2)	1717.6
(1, 0, 1, 1, 0, 2, 0)	1693.2
(1, 0, 1, 1, 0, 2, 1)	1740.1
(1, 0, 1, 1, 0, 2, 2)	1576.3
(1, 0, 1, 1, 1, 0, 0)	1960.1
(1, 0, 1, 1, 1, 0, 1)	2179.9
(1, 0, 1, 1, 1, 0, 2)	1999.1
(1, 0, 1, 1, 1, 1, 0)	1963.2
(1, 0, 1, 1, 1, 1, 1)	2067.3
(1, 0, 1, 1, 1, 1, 2)	1984.2
(1, 0, 1, 1, 1, 2, 0)	1981.8
(1, 0, 1, 1, 1, 2, 1)	2050.9
(1, 0, 1, 1, 1, 2, 2)	1932.7
(1, 0, 1, 1, 2, 0, 0)	1831.7
(1, 0, 1, 1, 2, 0, 1)	1851.3
(1, 0, 1, 1, 2, 0, 2)	1735.9
(1, 0, 1, 1, 2, 1, 0)	1865.9
(1, 0, 1, 1, 2, 1, 1)	1842.3
(1, 0, 1, 1, 2, 1, 2)	1857.8
(1, 0, 1, 1, 2, 2, 0)	1715.1
(1, 0, 1, 1, 2, 2, 1)	1822.5
(1, 0, 1, 1, 2, 2, 2)	1591.3
(1, 0, 1, 2, 0, 0, 0)	1606.6
(1, 0, 1, 2, 0, 0, 1)	1426.2
(1, 0, 1, 2, 0, 0, 2)	1318.4
(1, 0, 1, 2, 0, 1, 0)	1428.1
(1, 0, 1, 2, 0, 1, 1)	1482.1
(1, 0, 1, 2, 0, 1, 2)	1507.0
(1, 0, 1, 2, 0, 2, 0)	1321.2
(1, 0, 1, 2, 0, 2, 1)	1363.5
(1, 0, 1, 2, 0, 2, 2)	1422.2
(1, 0, 1, 2, 1, 0, 0)	1773.3
(1, 0, 1, 2, 1, 0, 1)	1613.8
(1, 0, 1, 2, 1, 0, 2)	1652.8
(1, 0, 1, 2, 1, 1, 0)	1671.0
(1, 0, 1, 2, 1, 1, 1)	1718.1
(1, 0, 1, 2, 1, 1, 2)	1617.6
(1, 0, 1, 2, 1, 2, 0)	1637.8
(1, 0, 1, 2, 1, 2, 1)	1672.2
(1, 0, 1, 2, 1, 2, 2)	1440.2
(1, 0, 1, 2, 2, 0, 0)	1435.4
(1, 0, 1, 2, 2, 0, 1)	1410.5
(1, 0, 1, 2, 2, 0, 2)	1189.0
(1, 0, 1, 2, 2, 1, 0)	1423.8
(1, 0, 1, 2, 2, 1, 1)	1510.6
(1, 0, 1, 2, 2, 1, 2)	1365.9
(1, 0, 1, 2, 2, 2, 0)	1383.7
(1, 0, 1, 2, 2, 2, 1)	1294.2
(1, 0, 1, 2, 2, 2, 2)	1155.2
(1, 0, 2, 0, 0, 0, 0)	881.8
(1, 0, 2, 0, 0, 0, 1)	885.7
(1, 0, 2, 0, 0, 0, 2)	872.6
(1, 0, 2, 0, 0, 1, 0)	863.7
(1, 0, 2, 0, 0, 1, 1)	784.8
(1, 0, 2, 0, 0, 1, 2)	885.2
(1, 0, 2, 0, 0, 2, 0)	978.0
(1, 0, 2, 0, 0, 2, 1)	1063.3
(1, 0, 2, 0, 0, 2, 2)	851.6
(1, 0, 2, 0, 1, 0, 0)	1189.9
(1, 0, 2, 0, 1, 0, 1)	1137.9
(1, 0, 2, 0, 1, 0, 2)	1074.7
(1, 0, 2, 0, 1, 1, 0)	1074.5
(1, 0, 2, 0, 1, 1, 1)	1214.6
(1, 0, 2, 0, 1, 1, 2)	1080.7
(1, 0, 2, 0, 1, 2, 0)	994.0
(1, 0, 2, 0, 1, 2, 1)	1073.4
(1, 0, 2, 0, 1, 2, 2)	1124.7
(1, 0, 2, 0, 2, 0, 0)	782.4
(1, 0, 2, 0, 2, 0, 1)	897.4
(1, 0, 2, 0, 2, 0, 2)	882.6
(1, 0, 2, 0, 2, 1, 0)	833.5
(1, 0, 2, 0, 2, 1, 1)	793.2
(1, 0, 2, 0, 2, 1, 2)	869.2
(1, 0, 2, 0, 2, 2, 0)	801.9
(1, 0, 2, 0, 2, 2, 1)	707.0
(1, 0, 2, 0, 2, 2, 2)	830.9
(1, 0, 2, 1, 0, 0, 0)	1274.9
(1, 0, 2, 1, 0, 0, 1)	1319.7
(1, 0, 2, 1, 0, 0, 2)	1226.1
(1, 0, 2, 1, 0, 1, 0)	1298.7
(1, 0, 2, 1, 0, 1, 1)	1303.2
(1, 0, 2, 1, 0, 1, 2)	1215.6
(1, 0, 2, 1, 0, 2, 0)	1117.8
(1, 0, 2, 1, 0, 2, 1)	1126.6
(1, 0, 2, 1, 0, 2, 2)	1247.6
(1, 0, 2, 1, 1, 0, 0)	1401.0
(1, 0, 2, 1, 1, 0, 1)	1492.8
(1, 0, 2, 1, 1, 0, 2)	1368.7
(1, 0, 2, 1, 1, 1, 0)	1599.0
(1, 0, 2, 1, 1, 1, 1)	1441.7
(1, 0, 2, 1, 1, 1, 2)	1565.6
(1, 0, 2, 1, 1, 2, 0)	1567.4
(1, 0, 2, 1, 1, 2, 1)	1369.0
(1, 0, 2, 1, 1, 2, 2)	1507.5
(1, 0, 2, 1, 2, 0, 0)	1331.9
(1, 0, 2, 1, 2, 0, 1)	1306.6
(1, 0, 2, 1, 2, 0, 2)	1358.5
(1, 0, 2, 1, 2, 1, 0)	1377.0
(1, 0, 2, 1, 2, 1, 1)	1197.3
(1, 0, 2, 1, 2, 1, 2)	1299.9
(1, 0, 2, 1, 2, 2, 0)	1125.7
(1, 0, 2, 1, 2, 2, 1)	1293.4
(1, 0, 2, 1, 2, 2, 2)	1321.0
(1, 0, 2, 2, 0, 0, 0)	877.4
(1, 0, 2, 2, 0, 0, 1)	872.3
(1, 0, 2, 2, 0, 0, 2)	829.6
(1, 0, 2, 2, 0, 1, 0)	876.6
(1, 0, 2, 2, 0, 1, 1)	980.3
(1, 0, 2, 2, 0, 1, 2)	1031.2
(1, 0, 2, 2, 0, 2, 0)	857.3
(1, 0, 2, 2, 0, 2, 1)	851.5
(1, 0, 2, 2, 0, 2, 2)	881.3
(1, 0, 2, 2, 1, 0, 0)	1121.6
(1, 0, 2, 2, 1, 0, 1)	1077.0
(1, 0, 2, 2, 1, 0, 2)	1129.4
(1, 0, 2, 2, 1, 1, 0)	1029.2
(1, 0, 2, 2, 1, 1, 1)	1208.3
(1, 0, 2, 2, 1, 1, 2)	1110.2
(1, 0, 2, 2, 1, 2, 0)	1099.2
(1, 0, 2, 2, 1, 2, 1)	1018.1
(1, 0, 2, 2, 1, 2, 2)	1061.2
(1, 0, 2, 2, 2, 0, 0)	835.1
(1, 0, 2, 2, 2, 0, 1)	836.1
(1, 0, 2, 2, 2, 0, 2)	817.0
(1, 0, 2, 2, 2, 1, 0)	847.2
(1, 0, 2, 2, 2, 1, 1)	816.5
(1, 0, 2, 2, 2, 1, 2)	809.4
(1, 0, 2, 2, 2, 2, 0)	789.5
(1, 0, 2, 2, 2, 2, 1)	844.3
(1, 0, 2, 2, 2, 2, 2)	803.0
(1, 1, 0, 0, 0, 0, 0)	1476.9
(1, 1, 0, 0, 0, 0, 1)	1460.6
(1, 1, 0, 0, 0, 0, 2)	1486.8
(1, 1, 0, 0, 0, 1, 0)	1894.7
(1, 1, 0, 0, 0, 1, 1)	1883.0
(1, 1, 0, 0, 0, 1, 2)	1505.7
(1, 1, 0, 0, 0, 2, 0)	1408.1
(1, 1, 0, 0, 0, 2, 1)	1495.1
(1, 1, 0, 0, 0, 2, 2)	1501.2
(1, 1, 0, 0, 1, 0, 0)	2002.4
(1, 1, 0, 0, 1, 0, 1)	1979.6
(1, 1, 0, 0, 1, 0, 2)	1660.3
(1, 1, 0, 0, 1, 1, 0)	2018.2
(1, 1, 0, 0, 1, 1, 1)	2084.1
(1, 1, 0, 0, 1, 1, 2)	1647.7
(1, 1, 0, 0, 1, 2, 0)	1711.5
(1, 1, 0, 0, 1, 2, 1)	1674.1
(1, 1, 0, 0, 1, 2, 2)	1651.7
(1, 1, 0, 0, 2, 0, 0)	1451.8
(1, 1, 0, 0, 2, 0, 1)	1557.6
(1, 1, 0, 0, 2, 0, 2)	1418.9
(1, 1, 0, 0, 2, 1, 0)	1765.1
(1, 1, 0, 0, 2, 1, 1)	1701.0
(1, 1, 0, 0, 2, 1, 2)	1334.5
(1, 1, 0, 0, 2, 2, 0)	1385.4
(1, 1, 0, 0, 2, 2, 1)	1580.6
(1, 1, 0, 0, 2, 2, 2)	1391.6
(1, 1, 0, 1, 0, 0, 0)	1746.6
(1, 1, 0, 1, 0, 0, 1)	2163.8
(1, 1, 0, 1, 0, 0, 2)	1980.9
(1, 1, 0, 1, 0, 1, 0)	2066.9
(1, 1, 0, 1, 0, 1, 1)	2167.7
(1, 1, 0, 1, 0, 1, 2)	1869.6
(1, 1, 0, 1, 0, 2, 0)	1897.9
(1, 1, 0, 1, 0, 2, 1)	1834.8
(1, 1, 0, 1, 0, 2, 2)	1860.0
(1, 1, 0, 1, 1, 0, 0)	2180.0
(1, 1, 0, 1, 1, 0, 1)	2260.9
(1, 1, 0, 1, 1, 0, 2)	2009.4
(1, 1, 0, 1, 1, 1, 0)	2280.6
(1, 1, 0, 1, 1, 1, 1)	2358.2
(1, 1, 0, 1, 1, 1, 2)	2247.0
(1, 1, 0, 1, 1, 2, 0)	2024.1
(1, 1, 0, 1, 1, 2, 1)	2035.1
(1, 1, 0, 1, 1, 2, 2)	2050.3
(1, 1, 0, 1, 2, 0, 0)	1912.0
(1, 1, 0, 1, 2, 0, 1)	1967.0
(1, 1, 0, 1, 2, 0, 2)	1973.1
(1, 1, 0, 1, 2, 1, 0)	1970.7
(1, 1, 0, 1, 2, 1, 1)	2303.3
(1, 1, 0, 1, 2, 1, 2)	1962.1
(1, 1, 0, 1, 2, 2, 0)	1759.2
(1, 1, 0, 1, 2, 2, 1)	1942.9
(1, 1, 0, 1, 2, 2, 2)	1924.8
(1, 1, 0, 2, 0, 0, 0)	1528.5
(1, 1, 0, 2, 0, 0, 1)	1436.1
(1, 1, 0, 2, 0, 0, 2)	1388.7
(1, 1, 0, 2, 0, 1, 0)	1737.9
(1, 1, 0, 2, 0, 1, 1)	1638.1
(1, 1, 0, 2, 0, 1, 2)	1485.8
(1, 1, 0, 2, 0, 2, 0)	1392.6
(1, 1, 0, 2, 0, 2, 1)	1606.0
(1, 1, 0, 2, 0, 2, 2)	1485.6
(1, 1, 0, 2, 1, 0, 0)	1767.5
(1, 1, 0, 2, 1, 0, 1)	1806.5
(1, 1, 0, 2, 1, 0, 2)	1545.4
(1, 1, 0, 2, 1, 1, 0)	1644.3
(1, 1, 0, 2, 1, 1, 1)	2030.9
(1, 1, 0, 2, 1, 1, 2)	1825.0
(1, 1, 0, 2, 1, 2, 0)	1727.7
(1, 1, 0, 2, 1, 2, 1)	1614.7
(1, 1, 0, 2, 1, 2, 2)	1569.9
(1, 1, 0, 2, 2, 0, 0)	1399.6
(1, 1, 0, 2, 2, 0, 1)	1740.2
(1, 1, 0, 2, 2, 0, 2)	1461.9
(1, 1, 0, 2, 2, 1, 0)	1519.6
(1, 1, 0, 2, 2, 1, 1)	1609.4
(1, 1, 0, 2, 2, 1, 2)	1508.4
(1, 1, 0, 2, 2, 2, 0)	1321.1
(1, 1, 0, 2, 2, 2, 1)	1469.6
(1, 1, 0, 2, 2, 2, 2)	1372.7
(1, 1, 1, 0, 0, 0, 0)	2194.5
(1, 1, 1, 0, 0, 0, 1)	2062.9
(1, 1, 1, 0, 0, 0, 2)	1936.4
(1, 1, 1, 0, 0, 1, 0)	1947.2
(1, 1, 1, 0, 0, 1, 1)	2070.5
(1, 1, 1, 0, 0, 1, 2)	1955.7
(1, 1, 1, 0, 0, 2, 0)	1831.0
(1, 1, 1, 0, 0, 2, 1)	2023.8
(1, 1, 1, 0, 0, 2, 2)	1934.6
(1, 1, 1, 0, 1, 0, 0)	2209.7
(1, 1, 1, 0, 1, 0, 1)	2334.2
(1, 1, 1, 0, 1, 0, 2)	2136.4
(1, 1, 1, 0, 1, 1, 0)	2183.5
(1, 1, 1, 0, 1, 1, 1)	2090.8
(1, 1, 1, 0, 1, 1, 2)	2213.9
(1, 1, 1, 0, 1, 2, 0)	2049.8
(1, 1, 1, 0, 1, 2, 1)	2213.3
(1, 1, 1, 0, 1, 2, 2)	2113.7
(1, 1, 1, 0, 2, 0, 0)	1876.2
(1, 1, 1, 0, 2, 0, 1)	1925.7
(1, 1, 1, 0, 2, 0, 2)	1966.3
(1, 1, 1, 0, 2, 1, 0)	2046.1
(1, 1, 1, 0, 2, 1, 1)	1835.3
(1, 1, 1, 0, 2, 1, 2)	1853.6
(1, 1, 1, 0, 2, 2, 0)	1966.7
(1, 1, 1, 0, 2, 2, 1)	2017.0
(1, 1, 1, 0, 2, 2, 2)	1724.9
(1, 1, 1, 1, 0, 0, 0)	2423.3
(1, 1, 1, 1, 0, 0, 1)	2345.2
(1, 1, 1, 1, 0, 0, 2)	2220.7
(1, 1, 1, 1, 0, 1, 0)	2463.2
(1, 1, 1, 1, 0, 1, 1)	2306.9
(1, 1, 1, 1, 0, 1, 2)	2431.9
(1, 1, 1, 1, 0, 2, 0)	2315.8
(1, 1, 1, 1, 0, 2, 1)	2344.4
(1, 1, 1, 1, 0, 2, 2)	2139.7
(1, 1, 1, 1, 1, 0, 0)	2548.8
(1, 1, 1, 1, 1, 0, 1)	2661.8
(1, 1, 1, 1, 1, 0, 2)	2448.5
(1, 1, 1, 1, 1, 1, 0)	2605.6
(1, 1, 1, 1, 1, 1, 1)	2686.0
(1, 1, 1, 1, 1, 1, 2)	2509.0
(1, 1, 1, 1, 1, 2, 0)	2551.4
(1, 1, 1, 1, 1, 2, 1)	2619.8
(1, 1, 1, 1, 1, 2, 2)	2385.5
(1, 1, 1, 1, 2, 0, 0)	2485.6
(1, 1, 1, 1, 2, 0, 1)	2485.7
(1, 1, 1, 1, 2, 0, 2)	2416.2
(1, 1, 1, 1, 2, 1, 0)	2410.7
(1, 1, 1, 1, 2, 1, 1)	2376.8
(1, 1, 1, 1, 2, 1, 2)	2223.5
(1, 1, 1, 1, 2, 2, 0)	2322.1
(1, 1, 1, 1, 2, 2, 1)	2452.3
(1, 1, 1, 1, 2, 2, 2)	2197.6
(1, 1, 1, 2, 0, 0, 0)	2027.7
(1, 1, 1, 2, 0, 0, 1)	2039.3
(1, 1, 1, 2, 0, 0, 2)	1936.8
(1, 1, 1, 2, 0, 1, 0)	2010.9
(1, 1, 1, 2, 0, 1, 1)	2022.5
(1, 1, 1, 2, 0, 1, 2)	2001.3
(1, 1, 1, 2, 0, 2, 0)	1807.0
(1, 1, 1, 2, 0, 2, 1)	1872.7
(1, 1, 1, 2, 0, 2, 2)	1847.1
(1, 1, 1, 2, 1, 0, 0)	2004.4
(1, 1, 1, 2, 1, 0, 1)	2171.6
(1, 1, 1, 2, 1, 0, 2)	2134.9
(1, 1, 1, 2, 1, 1, 0)	2157.4
(1, 1, 1, 2, 1, 1, 1)	2227.4
(1, 1, 1, 2, 1, 1, 2)	2216.9
(1, 1, 1, 2, 1, 2, 0)	2206.1
(1, 1, 1, 2, 1, 2, 1)	2189.1
(1, 1, 1, 2, 1, 2, 2)	2050.2
(1, 1, 1, 2, 2, 0, 0)	1834.6
(1, 1, 1, 2, 2, 0, 1)	1875.5
(1, 1, 1, 2, 2, 0, 2)	1894.7
(1, 1, 1, 2, 2, 1, 0)	1963.8
(1, 1, 1, 2, 2, 1, 1)	1889.4
(1, 1, 1, 2, 2, 1, 2)	1966.5
(1, 1, 1, 2, 2, 2, 0)	1853.1
(1, 1, 1, 2, 2, 2, 1)	1914.2
(1, 1, 1, 2, 2, 2, 2)	1876.5
(1, 1, 2, 0, 0, 0, 0)	1379.7
(1, 1, 2, 0, 0, 0, 1)	1398.2
(1, 1, 2, 0, 0, 0, 2)	1301.6
(1, 1, 2, 0, 0, 1, 0)	1527.5
(1, 1, 2, 0, 0, 1, 1)	1585.4
(1, 1, 2, 0, 0, 1, 2)	1497.1
(1, 1, 2, 0, 0, 2, 0)	1482.0
(1, 1, 2, 0, 0, 2, 1)	1264.1
(1, 1, 2, 0, 0, 2, 2)	1390.5
(1, 1, 2, 0, 1, 0, 0)	1611.0
(1, 1, 2, 0, 1, 0, 1)	1557.9
(1, 1, 2, 0, 1, 0, 2)	1672.5
(1, 1, 2, 0, 1, 1, 0)	1645.6
(1, 1, 2, 0, 1, 1, 1)	1723.3
(1, 1, 2, 0, 1, 1, 2)	1519.2
(1, 1, 2, 0, 1, 2, 0)	1635.3
(1, 1, 2, 0, 1, 2, 1)	1572.9
(1, 1, 2, 0, 1, 2, 2)	1599.4
(1, 1, 2, 0, 2, 0, 0)	1327.8
(1, 1, 2, 0, 2, 0, 1)	1422.9
(1, 1, 2, 0, 2, 0, 2)	1386.5
(1, 1, 2, 0, 2, 1, 0)	1385.2
(1, 1, 2, 0, 2, 1, 1)	1530.6
(1, 1, 2, 0, 2, 1, 2)	1413.9
(1, 1, 2, 0, 2, 2, 0)	1298.8
(1, 1, 2, 0, 2, 2, 1)	1228.9
(1, 1, 2, 0, 2, 2, 2)	1392.4
(1, 1, 2, 1, 0, 0, 0)	1579.0
(1, 1, 2, 1, 0, 0, 1)	1710.7
(1, 1, 2, 1, 0, 0, 2)	1806.5
(1, 1, 2, 1, 0, 1, 0)	1867.8
(1, 1, 2, 1, 0, 1, 1)	1812.9
(1, 1, 2, 1, 0, 1, 2)	1756.6
(1, 1, 2, 1, 0, 2, 0)	1807.0
(1, 1, 2, 1, 0, 2, 1)	1868.8
(1, 1, 2, 1, 0, 2, 2)	1737.5
(1, 1, 2, 1, 1, 0, 0)	2069.6
(1, 1, 2, 1, 1, 0, 1)	2096.0
(1, 1, 2, 1, 1, 0, 2)	1995.9
(1, 1, 2, 1, 1, 1, 0)	1934.4
(1, 1, 2, 1, 1, 1, 1)	2080.3
(1, 1, 2, 1, 1, 1, 2)	2073.8
(1, 1, 2, 1, 1, 2, 0)	1959.8
(1, 1, 2, 1, 1, 2, 1)	2019.2
(1, 1, 2, 1, 1, 2, 2)	2065.8
(1, 1, 2, 1, 2, 0, 0)	1699.1
(1, 1, 2, 1, 2, 0, 1)	1685.2
(1, 1, 2, 1, 2, 0, 2)	1682.7
(1, 1, 2, 1, 2, 1, 0)	1790.7
(1, 1, 2, 1, 2, 1, 1)	1771.7
(1, 1, 2, 1, 2, 1, 2)	1747.6
(1, 1, 2, 1, 2, 2, 0)	1758.2
(1, 1, 2, 1, 2, 2, 1)	1944.5
(1, 1, 2, 1, 2, 2, 2)	1708.4
(1, 1, 2, 2, 0, 0, 0)	1298.4
(1, 1, 2, 2, 0, 0, 1)	1347.1
(1, 1, 2, 2, 0, 0, 2)	1286.8
(1, 1, 2, 2, 0, 1, 0)	1382.1
(1, 1, 2, 2, 0, 1, 1)	1431.0
(1, 1, 2, 2, 0, 1, 2)	1384.7
(1, 1, 2, 2, 0, 2, 0)	1359.8
(1, 1, 2, 2, 0, 2, 1)	1469.8
(1, 1, 2, 2, 0, 2, 2)	1361.4
(1, 1, 2, 2, 1, 0, 0)	1539.4
(1, 1, 2, 2, 1, 0, 1)	1671.0
(1, 1, 2, 2, 1, 0, 2)	1593.6
(1, 1, 2, 2, 1, 1, 0)	1539.3
(1, 1, 2, 2, 1, 1, 1)	1652.1
(1, 1, 2, 2, 1, 1, 2)	1410.5
(1, 1, 2, 2, 1, 2, 0)	1584.2
(1, 1, 2, 2, 1, 2, 1)	1565.1
(1, 1, 2, 2, 1, 2, 2)	1592.4
(1, 1, 2, 2, 2, 0, 0)	1335.3
(1, 1, 2, 2, 2, 0, 1)	1362.7
(1, 1, 2, 2, 2, 0, 2)	1340.7
(1, 1, 2, 2, 2, 1, 0)	1436.6
(1, 1, 2, 2, 2, 1, 1)	1385.4
(1, 1, 2, 2, 2, 1, 2)	1389.1
(1, 1, 2, 2, 2, 2, 0)	1328.7
(1, 1, 2, 2, 2, 2, 1)	1439.4
(1, 1, 2, 2, 2, 2, 2)	1247.9
(1, 2, 0, 0, 0, 0, 0)	922.1
(1, 2, 0, 0, 0, 0, 1)	1090.8
(1, 2, 0, 0, 0, 0, 2)	912.8
(1, 2, 0, 0, 0, 1, 0)	978.9
(1, 2, 0, 0, 0, 1, 1)	1201.8
(1, 2, 0, 0, 0, 1, 2)	860.4
(1, 2, 0, 0, 0, 2, 0)	814.7
(1, 2, 0, 0, 0, 2, 1)	957.6
(1, 2, 0, 0, 0, 2, 2)	796.1
(1, 2, 0, 0, 1, 0, 0)	1054.8
(1, 2, 0, 0, 1, 0, 1)	1380.8
(1, 2, 0, 0, 1, 0, 2)	1090.8
(1, 2, 0, 0, 1, 1, 0)	1416.3
(1, 2, 0, 0, 1, 1, 1)	1471.5
(1, 2, 0, 0, 1, 1, 2)	1240.7
(1, 2, 0, 0, 1, 2, 0)	1019.6
(1, 2, 0, 0, 1, 2, 1)	1321.0
(1, 2, 0, 0, 1, 2, 2)	998.9
(1, 2, 0, 0, 2, 0, 0)	908.5
(1, 2, 0, 0, 2, 0, 1)	1101.2
(1, 2, 0, 0, 2, 0, 2)	733.0
(1, 2, 0, 0, 2, 1, 0)	959.7
(1, 2, 0, 0, 2, 1, 1)	1196.5
(1, 2, 0, 0, 2, 1, 2)	872.8
(1, 2, 0, 0, 2, 2, 0)	820.5
(1, 2, 0, 0, 2, 2, 1)	947.2
(1, 2, 0, 0, 2, 2, 2)	887.6
(1, 2, 0, 1, 0, 0, 0)	1239.4
(1, 2, 0, 1, 0, 0, 1)	1546.4
(1, 2, 0, 1, 0, 0, 2)	1270.1
(1, 2, 0, 1, 0, 1, 0)	1443.2
(1, 2, 0, 1, 0, 1, 1)	1371.7
(1, 2, 0, 1, 0, 1, 2)	1445.5
(1, 2, 0, 1, 0, 2, 0)	1224.0
(1, 2, 0, 1, 0, 2, 1)	1306.1
(1, 2, 0, 1, 0, 2, 2)	1215.6
(1, 2, 0, 1, 1, 0, 0)	1510.3
(1, 2, 0, 1, 1, 0, 1)	1700.6
(1, 2, 0, 1, 1, 0, 2)	1354.6
(1, 2, 0, 1, 1, 1, 0)	1764.7
(1, 2, 0, 1, 1, 1, 1)	1698.3
(1, 2, 0, 1, 1, 1, 2)	1712.0
(1, 2, 0, 1, 1, 2, 0)	1535.8
(1, 2, 0, 1, 1, 2, 1)	1550.3
(1, 2, 0, 1, 1, 2, 2)	1429.3
(1, 2, 0, 1, 2, 0, 0)	1246.5
(1, 2, 0, 1, 2, 0, 1)	1381.7
(1, 2, 0, 1, 2, 0, 2)	1321.6
(1, 2, 0, 1, 2, 1, 0)	1453.7
(1, 2, 0, 1, 2, 1, 1)	1590.1
(1, 2, 0, 1, 2, 1, 2)	1342.5
(1, 2, 0, 1, 2, 2, 0)	1264.7
(1, 2, 0, 1, 2, 2, 1)	1369.3
(1, 2, 0, 1, 2, 2, 2)	1254.9
(1, 2, 0, 2, 0, 0, 0)	802.0
(1, 2, 0, 2, 0, 0, 1)	1061.2
(1, 2, 0, 2, 0, 0, 2)	690.8
(1, 2, 0, 2, 0, 1, 0)	1001.6
(1, 2, 0, 2, 0, 1, 1)	1070.6
(1, 2, 0, 2, 0, 1, 2)	951.8
(1, 2, 0, 2, 0, 2, 0)	880.1
(1, 2, 0, 2, 0, 2, 1)	853.4
(1, 2, 0, 2, 0, 2, 2)	732.5
(1, 2, 0, 2, 1, 0, 0)	1033.8
(1, 2, 0, 2, 1, 0, 1)	1259.9
(1, 2, 0, 2, 1, 0, 2)	1005.0
(1, 2, 0, 2, 1, 1, 0)	1373.6
(1, 2, 0, 2, 1, 1, 1)	1277.5
(1, 2, 0, 2, 1, 1, 2)	1208.5
(1, 2, 0, 2, 1, 2, 0)	976.4
(1, 2, 0, 2, 1, 2, 1)	1071.4
(1, 2, 0, 2, 1, 2, 2)	1109.2
(1, 2, 0, 2, 2, 0, 0)	877.2
(1, 2, 0, 2, 2, 0, 1)	1061.9
(1, 2, 0, 2, 2, 0, 2)	751.1
(1, 2, 0, 2, 2, 1, 0)	982.3
(1, 2, 0, 2, 2, 1, 1)	1099.4
(1, 2, 0, 2, 2, 1, 2)	902.0
(1, 2, 0, 2, 2, 2, 0)	817.2
(1, 2, 0, 2, 2, 2, 1)	955.9
(1, 2, 0, 2, 2, 2, 2)	862.5
(1, 2, 1, 0, 0, 0, 0)	1450.3
(1, 2, 1, 0, 0, 0, 1)	1380.2
(1, 2, 1, 0, 0, 0, 2)	1261.9
(1, 2, 1, 0, 0, 1, 0)	1473.7
(1, 2, 1, 0, 0, 1, 1)	1407.9
(1, 2, 1, 0, 0, 1, 2)	1451.3
(1, 2, 1, 0, 0, 2, 0)	1293.6
(1, 2, 1, 0, 0, 2, 1)	1339.2
(1, 2, 1, 0, 0, 2, 2)	1312.0
(1, 2, 1, 0, 1, 0, 0)	1725.1
(1, 2, 1, 0, 1, 0, 1)	1711.4
(1, 2, 1, 0, 1, 0, 2)	1650.2
(1, 2, 1, 0, 1, 1, 0)	1583.9
(1, 2, 1, 0, 1, 1, 1)	1699.9
(1, 2, 1, 0, 1, 1, 2)	1479.3
(1, 2, 1, 0, 1, 2, 0)	1576.8
(1, 2, 1, 0, 1, 2, 1)	1448.9
(1, 2, 1, 0, 1, 2, 2)	1526.0
(1, 2, 1, 0, 2, 0, 0)	1240.7
(1, 2, 1, 0, 2, 0, 1)	1401.6
(1, 2, 1, 0, 2, 0, 2)	1391.4
(1, 2, 1, 0, 2, 1, 0)	1392.4
(1, 2, 1, 0, 2, 1, 1)	1367.3
(1, 2, 1, 0, 2, 1, 2)	1513.1
(1, 2, 1, 0, 2, 2, 0)	1300.8
(1, 2, 1, 0, 2, 2, 1)	1375.4
(1, 2, 1, 0, 2, 2, 2)	1139.7
(1, 2, 1, 1, 0, 0, 0)	1733.6
(1, 2, 1, 1, 0, 0, 1)	1909.7
(1, 2, 1, 1, 0, 0, 2)	1716.4
(1, 2, 1, 1, 0, 1, 0)	1827.0
(1, 2, 1, 1, 0, 1, 1)	1774.9
(1, 2, 1, 1, 0, 1, 2)	1777.7
(1, 2, 1, 1, 0, 2, 0)	1791.8
(1, 2, 1, 1, 0, 2, 1)	1752.7
(1, 2, 1, 1, 0, 2, 2)	1750.9
(1, 2, 1, 1, 1, 0, 0)	2008.2
(1, 2, 1, 1, 1, 0, 1)	2045.1
(1, 2, 1, 1, 1, 0, 2)	1973.0
(1, 2, 1, 1, 1, 1, 0)	2005.9
(1, 2, 1, 1, 1, 1, 1)	2003.6
(1, 2, 1, 1, 1, 1, 2)	2135.6
(1, 2, 1, 1, 1, 2, 0)	1972.3
(1, 2, 1, 1, 1, 2, 1)	2037.8
(1, 2, 1, 1, 1, 2, 2)	1673.3
(1, 2, 1, 1, 2, 0, 0)	1659.3
(1, 2, 1, 1, 2, 0, 1)	1844.5
(1, 2, 1, 1, 2, 0, 2)	1719.2
(1, 2, 1, 1, 2, 1, 0)	1827.7
(1, 2, 1, 1, 2, 1, 1)	1729.7
(1, 2, 1, 1, 2, 1, 2)	1698.7
(1, 2, 1, 1, 2, 2, 0)	1813.7
(1, 2, 1, 1, 2, 2, 1)	1723.7
(1, 2, 1, 1, 2, 2, 2)	1619.3
(1, 2, 1, 2, 0, 0, 0)	1392.6
(1, 2, 1, 2, 0, 0, 1)	1434.0
(1, 2, 1, 2, 0, 0, 2)	1407.9
(1, 2, 1, 2, 0, 1, 0)	1390.6
(1, 2, 1, 2, 0, 1, 1)	1431.8
(1, 2, 1, 2, 0, 1, 2)	1256.2
(1, 2, 1, 2, 0, 2, 0)	1267.5
(1, 2, 1, 2, 0, 2, 1)	1340.9
(1, 2, 1, 2, 0, 2, 2)	1153.7
(1, 2, 1, 2, 1, 0, 0)	1667.6
(1, 2, 1, 2, 1, 0, 1)	1623.3
(1, 2, 1, 2, 1, 0, 2)	1631.4
(1, 2, 1, 2, 1, 1, 0)	1644.0
(1, 2, 1, 2, 1, 1, 1)	1503.6
(1, 2, 1, 2, 1, 1, 2)	1556.2
(1, 2, 1, 2, 1, 2, 0)	1574.1
(1, 2, 1, 2, 1, 2, 1)	1617.0
(1, 2, 1, 2, 1, 2, 2)	1426.2
(1, 2, 1, 2, 2, 0, 0)	1409.5
(1, 2, 1, 2, 2, 0, 1)	1484.5
(1, 2, 1, 2, 2, 0, 2)	1439.8
(1, 2, 1, 2, 2, 1, 0)	1353.0
(1, 2, 1, 2, 2, 1, 1)	1437.7
(1, 2, 1, 2, 2, 1, 2)	1315.2
(1, 2, 1, 2, 2, 2, 0)	1378.8
(1, 2, 1, 2, 2, 2, 1)	1340.1
(1, 2, 1, 2, 2, 2, 2)	1238.2
(1, 2, 2, 0, 0, 0, 0)	810.3
(1, 2, 2, 0, 0, 0, 1)	855.8
(1, 2, 2, 0, 0, 0, 2)	819.3
(1, 2, 2, 0, 0, 1, 0)	798.9
(1, 2, 2, 0, 0, 1, 1)	890.0
(1, 2, 2, 0, 0, 1, 2)	837.2
(1, 2, 2, 0, 0, 2, 0)	842.4
(1, 2, 2, 0, 0, 2, 1)	901.3
(1, 2, 2, 0, 0, 2, 2)	751.4
(1, 2, 2, 0, 1, 0, 0)	1089.0
(1, 2, 2, 0, 1, 0, 1)	1070.7
(1, 2, 2, 0, 1, 0, 2)	1162.4
(1, 2, 2, 0, 1, 1, 0)	1016.3
(1, 2, 2, 0, 1, 1, 1)	1103.0
(1, 2, 2, 0, 1, 1, 2)	1056.8
(1, 2, 2, 0, 1, 2, 0)	1120.3
(1, 2, 2, 0, 1, 2, 1)	1018.1
(1, 2, 2, 0, 1, 2, 2)	989.4
(1, 2, 2, 0, 2, 0, 0)	783.1
(1, 2, 2, 0, 2, 0, 1)	867.6
(1, 2, 2, 0, 2, 0, 2)	754.7
(1, 2, 2, 0, 2, 1, 0)	822.8
(1, 2, 2, 0, 2, 1, 1)	875.6
(1, 2, 2, 0, 2, 1, 2)	783.9
(1, 2, 2, 0, 2, 2, 0)	696.0
(1, 2, 2, 0, 2, 2, 1)	824.8
(1, 2, 2, 0, 2, 2, 2)	810.8
(1, 2, 2, 1, 0, 0, 0)	1179.6
(1, 2, 2, 1, 0, 0, 1)	1150.6
(1, 2, 2, 1, 0, 0, 2)	1203.6
(1, 2, 2, 1, 0, 1, 0)	1137.2
(1, 2, 2, 1, 0, 1, 1)	1120.7
(1, 2, 2, 1, 0, 1, 2)	1201.1
(1, 2, 2, 1, 0, 2, 0)	1205.0
(1, 2, 2, 1, 0, 2, 1)	1161.7
(1, 2, 2, 1, 0, 2, 2)	1282.9
(1, 2, 2, 1, 1, 0, 0)	1397.0
(1, 2, 2, 1, 1, 0, 1)	1499.5
(1, 2, 2, 1, 1, 0, 2)	1428.4
(1, 2, 2, 1, 1, 1, 0)	1513.9
(1, 2, 2, 1, 1, 1, 1)	1331.1
(1, 2, 2, 1, 1, 1, 2)	1409.0
(1, 2, 2, 1, 1, 2, 0)	1421.8
(1, 2, 2, 1, 1, 2, 1)	1347.2
(1, 2, 2, 1, 1, 2, 2)	1287.5
(1, 2, 2, 1, 2, 0, 0)	1236.5
(1, 2, 2, 1, 2, 0, 1)	1237.7
(1, 2, 2, 1, 2, 0, 2)	1125.2
(1, 2, 2, 1, 2, 1, 0)	1219.9
(1, 2, 2, 1, 2, 1, 1)	1115.5
(1, 2, 2, 1, 2, 1, 2)	1218.5
(1, 2, 2, 1, 2, 2, 0)	1200.4
(1, 2, 2, 1, 2, 2, 1)	1246.9
(1, 2, 2, 1, 2, 2, 2)	1266.8
(1, 2, 2, 2, 0, 0, 0)	870.5
(1, 2, 2, 2, 0, 0, 1)	817.2
(1, 2, 2, 2, 0, 0, 2)	849.4
(1, 2, 2, 2, 0, 1, 0)	807.7
(1, 2, 2, 2, 0, 1, 1)	751.2
(1, 2, 2, 2, 0, 1, 2)	844.3
(1, 2, 2, 2, 0, 2, 0)	730.5
(1, 2, 2, 2, 0, 2, 1)	754.0
(1, 2, 2, 2, 0, 2, 2)	807.2
(1, 2, 2, 2, 1, 0, 0)	1117.3
(1, 2, 2, 2, 1, 0, 1)	900.8
(1, 2, 2, 2, 1, 0, 2)	999.6
(1, 2, 2, 2, 1, 1, 0)	1044.6
(1, 2, 2, 2, 1, 1, 1)	1026.1
(1, 2, 2, 2, 1, 1, 2)	1046.4
(1, 2, 2, 2, 1, 2, 0)	1045.5
(1, 2, 2, 2, 1, 2, 1)	1079.5
(1, 2, 2, 2, 1, 2, 2)	1060.1
(1, 2, 2, 2, 2, 0, 0)	728.4
(1, 2, 2, 2, 2, 0, 1)	757.3
(1, 2, 2, 2, 2, 0, 2)	860.6
(1, 2, 2, 2, 2, 1, 0)	799.5
(1, 2, 2, 2, 2, 1, 1)	694.5
(1, 2, 2, 2, 2, 1, 2)	753.0
(1, 2, 2, 2, 2, 2, 0)	790.8
(1, 2, 2, 2, 2, 2, 1)	791.2
(1, 2, 2, 2, 2, 2, 2)	821.0
(2, 0, 0, 0, 0, 0, 0)	0.0
(2, 0, 0, 0, 0, 0, 1)	381.6
(2, 0, 0, 0, 0, 0, 2)	0.0
(2, 0, 0, 0, 0, 1, 0)	369.1
(2, 0, 0, 0, 0, 1, 1)	497.1
(2, 0, 0, 0, 0, 1, 2)	206.0
(2, 0, 0, 0, 0, 2, 0)	0.0
(2, 0, 0, 0, 0, 2, 1)	217.7
(2, 0, 0, 0, 0, 2, 2)	0.0
(2, 0, 0, 0, 1, 0, 0)	257.7
(2, 0, 0, 0, 1, 0, 1)	488.6
(2, 0, 0, 0, 1, 0, 2)	243.9
(2, 0, 0, 0, 1, 1, 0)	503.1
(2, 0, 0, 0, 1, 1, 1)	453.8
(2, 0, 0, 0, 1, 1, 2)	419.1
(2, 0, 0, 0, 1, 2, 0)	240.5
(2, 0, 0, 0, 1, 2, 1)	270.8
(2, 0, 0, 0, 1, 2, 2)	256.0
(2, 0, 0, 0, 2, 0, 0)	0.0
(2, 0, 0, 0, 2, 0, 1)	340.1
(2, 0, 0, 0, 2, 0, 2)	0.0
(2, 0, 0, 0, 2, 1, 0)	396.0
(2, 0, 0, 0, 2, 1, 1)	400.5
(2, 0, 0, 0, 2, 1, 2)	297.1
(2, 0, 0, 0, 2, 2, 0)	0.0
(2, 0, 0, 0, 2, 2, 1)	187.5
(2, 0, 0, 0, 2, 2, 2)	0.0
(2, 0, 0, 1, 0, 0, 0)	402.4
(2, 0, 0, 1, 0, 0, 1)	648.2
(2, 0, 0, 1, 0, 0, 2)	409.8
(2, 0, 0, 1, 0, 1, 0)	627.8
(2, 0, 0, 1, 0, 1, 1)	743.0
(2, 0, 0, 1, 0, 1, 2)	464.5
(2, 0, 0, 1, 0, 2, 0)	389.8
(2, 0, 0, 1, 0, 2, 1)	446.4
(2, 0, 0, 1, 0, 2, 2)	423.2
(2, 0, 0, 1, 1, 0, 0)	669.0
(2, 0, 0, 1, 1, 0, 1)	832.1
(2, 0, 0, 1, 1, 0, 2)	592.0
(2, 0, 0, 1, 1, 1, 0)	794.8
(2, 0, 0, 1, 1, 1, 1)	944.7
(2, 0, 0, 1, 1, 1, 2)	797.3
(2, 0, 0, 1, 1, 2, 0)	649.4
(2, 0, 0, 1, 1, 2, 1)	696.3
(2, 0, 0, 1, 1, 2, 2)	636.6
(2, 0, 0, 1, 2, 0, 0)	402.6
(2, 0, 0, 1, 2, 0, 1)	586.7
(2, 0, 0, 1, 2, 0, 2)	403.0
(2, 0, 0, 1, 2, 1, 0)	456.9
(2, 0, 0, 1, 2, 1, 1)	583.9
(2, 0, 0, 1, 2, 1, 2)	469.5
(2, 0, 0, 1, 2, 2, 0)	443.4
(2, 0, 0, 1, 2, 2, 1)	499.4
(2, 0, 0, 1, 2, 2, 2)	404.4
(2, 0, 0, 2, 0, 0, 0)	0.0
(2, 0, 0, 2, 0, 0, 1)	227.2
(2, 0, 0, 2, 0, 0, 2)	0.0
(2, 0, 0, 2, 0, 1, 0)	356.3
(2, 0, 0, 2, 0, 1, 1)	343.8
(2, 0, 0, 2, 0, 1, 2)	238.6
(2, 0, 0, 2, 0, 2, 0)	0.0
(2, 0, 0, 2, 0, 2, 1)	303.7
(2, 0, 0, 2, 0, 2, 2)	0.0
(2, 0, 0, 2, 1, 0, 0)	348.9
(2, 0, 0, 2, 1, 0, 1)	285.8
(2, 0, 0, 2, 1, 0, 2)	244.5
(2, 0, 0, 2, 1, 1, 0)	606.8
(2, 0, 0, 2, 1, 1, 1)	613.9
(2, 0, 0, 2, 1, 1, 2)	237.0
(2, 0, 0, 2, 1, 2, 0)	249.5
(2, 0, 0, 2, 1, 2, 1)	339.3
(2, 0, 0, 2, 1, 2, 2)	256.0
(2, 0, 0, 2, 2, 0, 0)	0.0
(2, 0, 0, 2, 2, 0, 1)	342.1
(2, 0, 0, 2, 2, 0, 2)	0.0
(2, 0, 0, 2, 2, 1, 0)	424.8
(2, 0, 0, 2, 2, 1, 1)	319.3
(2, 0, 0, 2, 2, 1, 2)	287.0
(2, 0, 0, 2, 2, 2, 0)	0.0
(2, 0, 0, 2, 2, 2, 1)	181.6
(2, 0, 0, 2, 2, 2, 2)	0.0
(2, 0, 1, 0, 0, 0, 0)	613.4
(2, 0, 1, 0, 0, 0, 1)	618.8
(2, 0, 1, 0, 0, 0, 2)	550.3
(2, 0, 1, 0, 0, 1, 0)	605.2
(2, 0, 1, 0, 0, 1, 1)	597.0
(2, 0, 1, 0, 0, 1, 2)	563.9
(2, 0, 1, 0, 0, 2, 0)	428.8
(2, 0, 1, 0, 0, 2, 1)	590.0
(2, 0, 1, 0, 0, 2, 2)	395.3
(2, 0, 1, 0, 1, 0, 0)	823.7
(2, 0, 1, 0, 1, 0, 1)	814.3
(2, 0, 1, 0, 1, 0, 2)	728.7
(2, 0, 1, 0, 1, 1, 0)	823.6
(2, 0, 1, 0, 1, 1, 1)	791.8
(2, 0, 1, 0, 1, 1, 2)	808.1
(2, 0, 1, 0, 1, 2, 0)	756.1
(2, 0, 1, 0, 1, 2, 1)	633.8
(2, 0, 1, 0, 1, 2, 2)	632.2
(2, 0, 1, 0, 2, 0, 0)	520.2
(2, 0, 1, 0, 2, 0, 1)	517.7
(2, 0, 1, 0, 2, 0, 2)	519.9
(2, 0, 1, 0, 2, 1, 0)	542.8
(2, 0, 1, 0, 2, 1, 1)	532.3
(2, 0, 1, 0, 2, 1, 2)	523.4
(2, 0, 1, 0, 2, 2, 0)	573.6
(2, 0, 1, 0, 2, 2, 1)	520.5
(2, 0, 1, 0, 2, 2, 2)	431.6
(2, 0, 1, 1, 0, 0, 0)	982.1
(2, 0, 1, 1, 0, 0, 1)	1072.0
(2, 0, 1, 1, 0, 0, 2)	1045.6
(2, 0, 1, 1, 0, 1, 0)	999.1
(2, 0, 1, 1, 0, 1, 1)	1022.4
(2, 0, 1, 1, 0, 1, 2)	954.7
(2, 0, 1, 1, 0, 2, 0)	933.3
(2, 0, 1, 1, 0, 2, 1)	928.7
(2, 0, 1, 1, 0, 2, 2)	891.3
(2, 0, 1, 1, 1, 0, 0)	1309.0
(2, 0, 1, 1, 1, 0, 1)	1223.8
(2, 0, 1, 1, 1, 0, 2)	1154.8
(2, 0, 1, 1, 1, 1, 0)	1261.3
(2, 0, 1, 1, 1, 1, 1)	1209.5
(2, 0, 1, 1, 1, 1, 2)	1125.3
(2, 0, 1, 1, 1, 2, 0)	1208.2
(2, 0, 1, 1, 1, 2, 1)	1191.8
(2, 0, 1, 1, 1, 2, 2)	986.4
(2, 0, 1, 1, 2, 0, 0)	941.1
(2, 0, 1, 1, 2, 0, 1)	1016.4
(2, 0, 1, 1, 2, 0, 2)	941.6
(2, 0, 1, 1, 2, 1, 0)	957.2
(2, 0, 1, 1, 2, 1, 1)	973.5
(2, 0, 1, 1, 2, 1, 2)	1002.7
(2, 0, 1, 1, 2, 2, 0)	975.8
(2, 0, 1, 1, 2, 2, 1)	969.8
(2, 0, 1, 1, 2, 2, 2)	835.2
(2, 0, 1, 2, 0, 0, 0)	586.2
(2, 0, 1, 2, 0, 0, 1)	586.4
(2, 0, 1, 2, 0, 0, 2)	543.6
(2, 0, 1, 2, 0, 1, 0)	626.9
(2, 0, 1, 2, 0, 1, 1)	587.4
(2, 0, 1, 2, 0, 1, 2)	492.3
(2, 0, 1, 2, 0, 2, 0)	531.2
(2, 0, 1, 2, 0, 2, 1)	566.5
(2, 0, 1, 2, 0, 2, 2)	389.1
(2, 0, 1, 2, 1, 0, 0)	840.0
(2, 0, 1, 2, 1, 0, 1)	763.4
(2, 0, 1, 2, 1, 0, 2)	710.4
(2, 0, 1, 2, 1, 1, 0)	802.2
(2, 0, 1, 2, 1, 1, 1)	824.6
(2, 0, 1, 2, 1, 1, 2)	809.2
(2, 0, 1, 2, 1, 2, 0)	728.3
(2, 0, 1, 2, 1, 2, 1)	772.0
(2, 0, 1, 2, 1, 2, 2)	719.3
(2, 0, 1, 2, 2, 0, 0)	590.3
(2, 0, 1, 2, 2, 0, 1)	581.1
(2, 0, 1, 2, 2, 0, 2)	586.5
(2, 0, 1, 2, 2, 1, 0)	532.0
(2, 0, 1, 2, 2, 1, 1)	602.4
(2, 0, 1, 2, 2, 1, 2)	611.4
(2, 0, 1, 2, 2, 2, 0)	468.5
(2, 0, 1, 2, 2, 2, 1)	547.2
(2, 0, 1, 2, 2, 2, 2)	462.0
(2, 0, 2, 0, 0, 0, 0)	0.0
(2, 0, 2, 0, 0, 0, 1)	22.3
(2, 0, 2, 0, 0, 0, 2)	0.0
(2, 0, 2, 0, 0, 1, 0)	37.0
(2, 0, 2, 0, 0, 1, 1)	144.8
(2, 0, 2, 0, 0, 1, 2)	19.2
(2, 0, 2, 0, 0, 2, 0)	0.0
(2, 0, 2, 0, 0, 2, 1)	62.4
(2, 0, 2, 0, 0, 2, 2)	0.0
(2, 0, 2, 0, 1, 0, 0)	227.5
(2, 0, 2, 0, 1, 0, 1)	261.7
(2, 0, 2, 0, 1, 0, 2)	239.1
(2, 0, 2, 0, 1, 1, 0)	363.3
(2, 0, 2, 0, 1, 1, 1)	361.3
(2, 0, 2, 0, 1, 1, 2)	247.2
(2, 0, 2, 0, 1, 2, 0)	235.7
(2, 0, 2, 0, 1, 2, 1)	234.9
(2, 0, 2, 0, 1, 2, 2)	243.3
(2, 0, 2, 0, 2, 0, 0)	0.0
(2, 0, 2, 0, 2, 0, 1)	38.3
(2, 0, 2, 0, 2, 0, 2)	0.0
(2, 0, 2, 0, 2, 1, 0)	92.9
(2, 0, 2, 0, 2, 1, 1)	166.5
(2, 0, 2, 0, 2, 1, 2)	25.6
(2, 0, 2, 0, 2, 2, 0)	0.0
(2, 0, 2, 0, 2, 2, 1)	51.1
(2, 0, 2, 0, 2, 2, 2)	0.0
(2, 0, 2, 1, 0, 0, 0)	433.8
(2, 0, 2, 1, 0, 0, 1)	398.0
(2, 0, 2, 1, 0, 0, 2)	392.8
(2, 0, 2, 1, 0, 1, 0)	458.0
(2, 0, 2, 1, 0, 1, 1)	461.5
(2, 0, 2, 1, 0, 1, 2)	409.8
(2, 0, 2, 1, 0, 2, 0)	420.5
(2, 0, 2, 1, 0, 2, 1)	399.1
(2, 0, 2, 1, 0, 2, 2)	385.4
(2, 0, 2, 1, 1, 0, 0)	648.9
(2, 0, 2, 1, 1, 0, 1)	624.0
(2, 0, 2, 1, 1, 0, 2)	638.5
(2, 0, 2, 1, 1, 1, 0)	621.0
(2, 0, 2, 1, 1, 1, 1)	662.2
(2, 0, 2, 1, 1, 1, 2)	637.5
(2, 0, 2, 1, 1, 2, 0)	652.6
(2, 0, 2, 1, 1, 2, 1)	639.1
(2, 0, 2, 1, 1, 2, 2)	619.9
(2, 0, 2, 1, 2, 0, 0)	439.6
(2, 0, 2, 1, 2, 0, 1)	484.0
(2, 0, 2, 1, 2, 0, 2)	449.3
(2, 0, 2, 1, 2, 1, 0)	384.0
(2, 0, 2, 1, 2, 1, 1)	426.2
(2, 0, 2, 1, 2, 1, 2)	414.5
(2, 0, 2, 1, 2, 2, 0)	411.3
(2, 0, 2, 1, 2, 2, 1)	428.2
(2, 0, 2, 1, 2, 2, 2)	396.4
(2, 0, 2, 2, 0, 0, 0)	0.0
(2, 0, 2, 2, 0, 0, 1)	50.2
(2, 0, 2, 2, 0, 0, 2)	0.0
(2, 0, 2, 2, 0, 1, 0)	98.5
(2, 0, 2, 2, 0, 1, 1)	81.6
(2, 0, 2, 2, 0, 1, 2)	23.0
(2, 0, 2, 2, 0, 2, 0)	0.0
(2, 0, 2, 2, 0, 2, 1)	27.9
(2, 0, 2, 2, 0, 2, 2)	0.0
(2, 0, 2, 2, 1, 0, 0)	244.7
(2, 0, 2, 2, 1, 0, 1)	224.5
(2, 0, 2, 2, 1, 0, 2)	237.1
(2, 0, 2, 2, 1, 1, 0)	254.8
(2, 0, 2, 2, 1, 1, 1)	244.3
(2, 0, 2, 2, 1, 1, 2)	254.5
(2, 0, 2, 2, 1, 2, 0)	247.6
(2, 0, 2, 2, 1, 2, 1)	245.5
(2, 0, 2, 2, 1, 2, 2)	240.4
(2, 0, 2, 2, 2, 0, 0)	0.0
(2, 0, 2, 2, 2, 0, 1)	69.8
(2, 0, 2, 2, 2, 0, 2)	0.0
(2, 0, 2, 2, 2, 1, 0)	67.5
(2, 0, 2, 2, 2, 1, 1)	48.8
(2, 0, 2, 2, 2, 1, 2)	37.6
(2, 0, 2, 2, 2, 2, 0)	0.0
(2, 0, 2, 2, 2, 2, 1)	22.1
(2, 0, 2, 2, 2, 2, 2)	0.0
(2, 1, 0, 0, 0, 0, 0)	546.1
(2, 1, 0, 0, 0, 0, 1)	733.0
(2, 1, 0, 0, 0, 0, 2)	505.6
(2, 1, 0, 0, 0, 1, 0)	789.2
(2, 1, 0, 0, 0, 1, 1)	830.6
(2, 1, 0, 0, 0, 1, 2)	637.1
(2, 1, 0, 0, 0, 2, 0)	542.5
(2, 1, 0, 0, 0, 2, 1)	622.6
(2, 1, 0, 0, 0, 2, 2)	612.0
(2, 1, 0, 0, 1, 0, 0)	833.4
(2, 1, 0, 0, 1, 0, 1)	1034.2
(2, 1, 0, 0, 1, 0, 2)	810.8
(2, 1, 0, 0, 1, 1, 0)	1020.9
(2, 1, 0, 0, 1, 1, 1)	1056.0
(2, 1, 0, 0, 1, 1, 2)	1001.1
(2, 1, 0, 0, 1, 2, 0)	860.9
(2, 1, 0, 0, 1, 2, 1)	919.0
(2, 1, 0, 0, 1, 2, 2)	787.6
(2, 1, 0, 0, 2, 0, 0)	522.8
(2, 1, 0, 0, 2, 0, 1)	644.3
(2, 1, 0, 0, 2, 0, 2)	557.2
(2, 1, 0, 0, 2, 1, 0)	722.1
(2, 1, 0, 0, 2, 1, 1)	895.4
(2, 1, 0, 0, 2, 1, 2)	782.8
(2, 1, 0, 0, 2, 2, 0)	539.2
(2, 1, 0, 0, 2, 2, 1)	615.8
(2, 1, 0, 0, 2, 2, 2)	564.0
(2, 1, 0, 1, 0, 0, 0)	950.6
(2, 1, 0, 1, 0, 0, 1)	1007.9
(2, 1, 0, 1, 0, 0, 2)	966.0
(2, 1, 0, 1, 0, 1, 0)	1146.4
(2, 1, 0, 1, 0, 1, 1)	1341.1
(2, 1, 0, 1, 0, 1, 2)	1004.1
(2, 1, 0, 1, 0, 2, 0)	951.4
(2, 1, 0, 1, 0, 2, 1)	1103.3
(2, 1, 0, 1, 0, 2, 2)	931.8
(2, 1, 0, 1, 1, 0, 0)	1173.8
(2, 1, 0, 1, 1, 0, 1)	1408.8
(2, 1, 0, 1, 1, 0, 2)	1146.3
(2, 1, 0, 1, 1, 1, 0)	1314.7
(2, 1, 0, 1, 1, 1, 1)	1610.4
(2, 1, 0, 1, 1, 1, 2)	1314.9
(2, 1, 0, 1, 1, 2, 0)	1145.4
(2, 1, 0, 1, 1, 2, 1)	1212.6
(2, 1, 0, 1, 1, 2, 2)	1142.9
(2, 1, 0, 1, 2, 0, 0)	949.5
(2, 1, 0, 1, 2, 0, 1)	1036.2
(2, 1, 0, 1, 2, 0, 2)	942.7
(2, 1, 0, 1, 2, 1, 0)	1241.3
(2, 1, 0, 1, 2, 1, 1)	1261.9
(2, 1, 0, 1, 2, 1, 2)	919.9
(2, 1, 0, 1, 2, 2, 0)	934.4
(2, 1, 0, 1, 2, 2, 1)	1002.1
(2, 1, 0, 1, 2, 2, 2)	971.4
(2, 1, 0, 2, 0, 0, 0)	531.9
(2, 1, 0, 2, 0, 0, 1)	673.0
(2, 1, 0, 2, 0, 0, 2)	505.7
(2, 1, 0, 2, 0, 1, 0)	622.9
(2, 1, 0, 2, 0, 1, 1)	990.4
(2, 1, 0, 2, 0, 1, 2)	554.4
(2, 1, 0, 2, 0, 2, 0)	588.4
(2, 1, 0, 2, 0, 2, 1)	630.8
(2, 1, 0, 2, 0, 2, 2)	579.7
(2, 1, 0, 2, 1, 0, 0)	889.3
(2, 1, 0, 2, 1, 0, 1)	929.0
(2, 1, 0, 2, 1, 0, 2)	770.2
(2, 1, 0, 2, 1, 1, 0)	815.6
(2, 1, 0, 2, 1, 1, 1)	1231.1
(2, 1, 0, 2, 1, 1, 2)	911.5
(2, 1, 0, 2, 1, 2, 0)	742.7
(2, 1, 0, 2, 1, 2, 1)	940.1
(2, 1, 0, 2, 1, 2, 2)	771.4
(2, 1, 0, 2, 2, 0, 0)	564.6
(2, 1, 0, 2, 2, 0, 1)	687.0
(2, 1, 0, 2, 2, 0, 2)	556.9
(2, 1, 0, 2, 2, 1, 0)	734.5
(2, 1, 0, 2, 2, 1, 1)	870.9
(2, 1, 0, 2, 2, 1, 2)	710.3
(2, 1, 0, 2, 2, 2, 0)	580.5
(2, 1, 0, 2, 2, 2, 1)	585.3
(2, 1, 0, 2, 2, 2, 2)	550.5
(2, 1, 1, 0, 0, 0, 0)	1132.0
(2, 1, 1, 0, 0, 0, 1)	1067.4
(2, 1, 1, 0, 0, 0, 2)	1007.0
(2, 1, 1, 0, 0, 1, 0)	1154.5
(2, 1, 1, 0, 0, 1, 1)	1100.2
(2, 1, 1, 0, 0, 1, 2)	1021.4
(2, 1, 1, 0, 0, 2, 0)	1039.9
(2, 1, 1, 0, 0, 2, 1)	1114.6
(2, 1, 1, 0, 0, 2, 2)	950.2
(2, 1, 1, 0, 1, 0, 0)	1374.6
(2, 1, 1, 0, 1, 0, 1)	1318.3
(2, 1, 1, 0, 1, 0, 2)	1213.2
(2, 1, 1, 0, 1, 1, 0)	1394.5
(2, 1, 1, 0, 1, 1, 1)	1403.8
(2, 1, 1, 0, 1, 1, 2)	1284.6
(2, 1, 1, 0, 1, 2, 0)	1346.7
(2, 1, 1, 0, 1, 2, 1)	1449.1
(2, 1, 1, 0, 1, 2, 2)	1172.8
(2, 1, 1, 0, 2, 0, 0)	1136.8
(2, 1, 1, 0, 2, 0, 1)	1133.3
(2, 1, 1, 0, 2, 0, 2)	1101.1
(2, 1, 1, 0, 2, 1, 0)	1104.4
(2, 1, 1, 0, 2, 1, 1)	1083.6
(2, 1, 1, 0, 2, 1, 2)	1108.0
(2, 1, 1, 0, 2, 2, 0)	1112.5
(2, 1, 1, 0, 2, 2, 1)	1100.5
(2, 1, 1, 0, 2, 2, 2)	1014.1
(2, 1, 1, 1, 0, 0, 0)	1444.3
(2, 1, 1, 1, 0, 0, 1)	1595.6
(2, 1, 1, 1, 0, 0, 2)	1424.2
(2, 1, 1, 1, 0, 1, 0)	1579.3
(2, 1, 1, 1, 0, 1, 1)	1530.0
(2, 1, 1, 1, 0, 1, 2)	1436.4
(2, 1, 1, 1, 0, 2, 0)	1481.8
(2, 1, 1, 1, 0, 2, 1)	1537.5
(2, 1, 1, 1, 0, 2, 2)	1454.1
(2, 1, 1, 1, 1, 0, 0)	1665.4
(2, 1, 1, 1, 1, 0, 1)	1730.7
(2, 1, 1, 1, 1, 0, 2)	1740.5
(2, 1, 1, 1, 1, 1, 0)	1738.7
(2, 1, 1, 1, 1, 1, 1)	1724.5
(2, 1, 1, 1, 1, 1, 2)	1690.8
(2, 1, 1, 1, 1, 2, 0)	1773.3
(2, 1, 1, 1, 1, 2, 1)	1848.5
(2, 1, 1, 1, 1, 2, 2)	1653.4
(2, 1, 1, 1, 2, 0, 0)	1559.8
(2, 1, 1, 1, 2, 0, 1)	1499.2
(2, 1, 1, 1, 2, 0, 2)	1553.6
(2, 1, 1, 1, 2, 1, 0)	1383.8
(2, 1, 1, 1, 2, 1, 1)	1511.6
(2, 1, 1, 1, 2, 1, 2)	1532.6
(2, 1, 1, 1, 2, 2, 0)	1398.4
(2, 1, 1, 1, 2, 2, 1)	1503.3
(2, 1, 1, 1, 2, 2, 2)	1319.6
(2, 1, 1, 2, 0, 0, 0)	1057.4
(2, 1, 1, 2, 0, 0, 1)	1137.0
(2, 1, 1, 2, 0, 0, 2)	1021.7
(2, 1, 1, 2, 0, 1, 0)	1181.7
(2, 1, 1, 2, 0, 1, 1)	1046.4
(2, 1, 1, 2, 0, 1, 2)	1114.5
(2, 1, 1, 2, 0, 2, 0)	1052.3
(2, 1, 1, 2, 0, 2, 1)	1108.3
(2, 1, 1, 2, 0, 2, 2)	994.4
(2, 1, 1, 2, 1, 0, 0)	1275.2
(2, 1, 1, 2, 1, 0, 1)	1278.0
(2, 1, 1, 2, 1, 0, 2)	1285.7
(2, 1, 1, 2, 1, 1, 0)	1411.1
(2, 1, 1, 2, 1, 1, 1)	1344.6
(2, 1, 1, 2, 1, 1, 2)	1367.3
(2, 1, 1, 2, 1, 2, 0)	1335.7
(2, 1, 1, 2, 1, 2, 1)	1303.0
(2, 1, 1, 2, 1, 2, 2)	1206.1
(2, 1, 1, 2, 2, 0, 0)	1060.8
(2, 1, 1, 2, 2, 0, 1)	1024.2
(2, 1, 1, 2, 2, 0, 2)	1031.0
(2, 1, 1, 2, 2, 1, 0)	1150.0
(2, 1, 1, 2, 2, 1, 1)	1138.2
(2, 1, 1, 2, 2, 1, 2)	1108.7
(2, 1, 1, 2, 2, 2, 0)	973.8
(2, 1, 1, 2, 2, 2, 1)	1049.8
(2, 1, 1, 2, 2, 2, 2)	953.6
(2, 1, 2, 0, 0, 0, 0)	574.8
(2, 1, 2, 0, 0, 0, 1)	573.4
(2, 1, 2, 0, 0, 0, 2)	628.0
(2, 1, 2, 0, 0, 1, 0)	540.1
(2, 1, 2, 0, 0, 1, 1)	560.7
(2, 1, 2, 0, 0, 1, 2)	518.5
(2, 1, 2, 0, 0, 2, 0)	524.3
(2, 1, 2, 0, 0, 2, 1)	526.1
(2, 1, 2, 0, 0, 2, 2)	519.3
(2, 1, 2, 0, 1, 0, 0)	773.3
(2, 1, 2, 0, 1, 0, 1)	775.6
(2, 1, 2, 0, 1, 0, 2)	765.9
(2, 1, 2, 0, 1, 1, 0)	762.2
(2, 1, 2, 0, 1, 1, 1)	832.9
(2, 1, 2, 0, 1, 1, 2)	740.0
(2, 1, 2, 0, 1, 2, 0)	788.0
(2, 1, 2, 0, 1, 2, 1)	812.2
(2, 1, 2, 0, 1, 2, 2)	788.0
(2, 1, 2, 0, 2, 0, 0)	544.7
(2, 1, 2, 0, 2, 0, 1)	514.8
(2, 1, 2, 0, 2, 0, 2)	581.3
(2, 1, 2, 0, 2, 1, 0)	560.4
(2, 1, 2, 0, 2, 1, 1)	604.3
(2, 1, 2, 0, 2, 1, 2)	532.9
(2, 1, 2, 0, 2, 2, 0)	525.0
(2, 1, 2, 0, 2, 2, 1)	596.2
(2, 1, 2, 0, 2, 2, 2)	540.9
(2, 1, 2, 1, 0, 0, 0)	955.0
(2, 1, 2, 1, 0, 0, 1)	990.5
(2, 1, 2, 1, 0, 0, 2)	979.3
(2, 1, 2, 1, 0, 1, 0)	944.6
(2, 1, 2, 1, 0, 1, 1)	998.5
(2, 1, 2, 1, 0, 1, 2)	975.3
(2, 1, 2, 1, 0, 2, 0)	1021.6
(2, 1, 2, 1, 0, 2, 1)	999.4
(2, 1, 2, 1, 0, 2, 2)	955.2
(2, 1, 2, 1, 1, 0, 0)	1202.2
(2, 1, 2, 1, 1, 0, 1)	1242.1
(2, 1, 2, 1, 1, 0, 2)	1144.9
(2, 1, 2, 1, 1, 1, 0)	1160.9
(2, 1, 2, 1, 1, 1, 1)	1227.7
(2, 1, 2, 1, 1, 1, 2)	1157.5
(2, 1, 2, 1, 1, 2, 0)	1249.6
(2, 1, 2, 1, 1, 2, 1)	1101.2
(2, 1, 2, 1, 1, 2, 2)	1196.2
(2, 1, 2, 1, 2, 0, 0)	924.7
(2, 1, 2, 1, 2, 0, 1)	972.0
(2, 1, 2, 1, 2, 0, 2)	943.3
(2, 1, 2, 1, 2, 1, 0)	936.1
(2, 1, 2, 1, 2, 1, 1)	1030.7
(2, 1, 2, 1, 2, 1, 2)	961.8
(2, 1, 2, 1, 2, 2, 0)	925.9
(2, 1, 2, 1, 2, 2, 1)	830.9
(2, 1, 2, 1, 2, 2, 2)	896.8
(2, 1, 2, 2, 0, 0, 0)	602.5
(2, 1, 2, 2, 0, 0, 1)	581.4
(2, 1, 2, 2, 0, 0, 2)	579.0
(2, 1, 2, 2, 0, 1, 0)	502.1
(2, 1, 2, 2, 0, 1, 1)	610.6
(2, 1, 2, 2, 0, 1, 2)	529.5
(2, 1, 2, 2, 0, 2, 0)	571.5
(2, 1, 2, 2, 0, 2, 1)	559.0
(2, 1, 2, 2, 0, 2, 2)	572.7
(2, 1, 2, 2, 1, 0, 0)	733.8
(2, 1, 2, 2, 1, 0, 1)	827.0
(2, 1, 2, 2, 1, 0, 2)	686.1
(2, 1, 2, 2, 1, 1, 0)	797.2
(2, 1, 2, 2, 1, 1, 1)	755.2
(2, 1, 2, 2, 1, 1, 2)	761.2
(2, 1, 2, 2, 1, 2, 0)	746.6
(2, 1, 2, 2, 1, 2, 1)	763.0
(2, 1, 2, 2, 1, 2, 2)	754.1
(2, 1, 2, 2, 2, 0, 0)	584.5
(2, 1, 2, 2, 2, 0, 1)	543.4
(2, 1, 2, 2, 2, 0, 2)	536.5
(2, 1, 2, 2, 2, 1, 0)	514.5
(2, 1, 2, 2, 2, 1, 1)	570.8
(2, 1, 2, 2, 2, 1, 2)	597.8
(2, 1, 2, 2, 2, 2, 0)	561.8
(2, 1, 2, 2, 2, 2, 1)	538.7
(2, 1, 2, 2, 2, 2, 2)	509.8
(2, 2, 0, 0, 0, 0, 0)	0.0
(2, 2, 0, 0, 0, 0, 1)	338.1
(2, 2, 0, 0, 0, 0, 2)	0.0
(2, 2, 0, 0, 0, 1, 0)	288.3
(2, 2, 0, 0, 0, 1, 1)	382.5
(2, 2, 0, 0, 0, 1, 2)	342.5
(2, 2, 0, 0, 0, 2, 0)	0.0
(2, 2, 0, 0, 0, 2, 1)	226.2
(2, 2, 0, 0, 0, 2, 2)	0.0
(2, 2, 0, 0, 1, 0, 0)	288.9
(2, 2, 0, 0, 1, 0, 1)	300.6
(2, 2, 0, 0, 1, 0, 2)	233.1
(2, 2, 0, 0, 1, 1, 0)	468.5
(2, 2, 0, 0, 1, 1, 1)	441.5
(2, 2, 0, 0, 1, 1, 2)	339.2
(2, 2, 0, 0, 1, 2, 0)	247.4
(2, 2, 0, 0, 1, 2, 1)	364.8
(2, 2, 0, 0, 1, 2, 2)	257.4
(2, 2, 0, 0, 2, 0, 0)	0.0
(2, 2, 0, 0, 2, 0, 1)	318.0
(2, 2, 0, 0, 2, 0, 2)	0.0
(2, 2, 0, 0, 2, 1, 0)	339.3
(2, 2, 0, 0, 2, 1, 1)	345.6
(2, 2, 0, 0, 2, 1, 2)	313.3
(2, 2, 0, 0, 2, 2, 0)	0.0
(2, 2, 0, 0, 2, 2, 1)	120.8
(2, 2, 0, 0, 2, 2, 2)	0.0
(2, 2, 0, 1, 0, 0, 0)	432.3
(2, 2, 0, 1, 0, 0, 1)	506.0
(2, 2, 0, 1, 0, 0, 2)	383.8
(2, 2, 0, 1, 0, 1, 0)	608.7
(2, 2, 0, 1, 0, 1, 1)	692.8
(2, 2, 0, 1, 0, 1, 2)	508.2
(2, 2, 0, 1, 0, 2, 0)	413.2
(2, 2, 0, 1, 0, 2, 1)	477.4
(2, 2, 0, 1, 0, 2, 2)	384.2
(2, 2, 0, 1, 1, 0, 0)	767.4
(2, 2, 0, 1, 1, 0, 1)	884.1
(2, 2, 0, 1, 1, 0, 2)	635.0
(2, 2, 0, 1, 1, 1, 0)	762.4
(2, 2, 0, 1, 1, 1, 1)	722.5
(2, 2, 0, 1, 1, 1, 2)	900.5
(2, 2, 0, 1, 1, 2, 0)	654.6
(2, 2, 0, 1, 1, 2, 1)	730.9
(2, 2, 0, 1, 1, 2, 2)	596.1
(2, 2, 0, 1, 2, 0, 0)	383.4
(2, 2, 0, 1, 2, 0, 1)	563.5
(2, 2, 0, 1, 2, 0, 2)	380.6
(2, 2, 0, 1, 2, 1, 0)	550.0
(2, 2, 0, 1, 2, 1, 1)	692.5
(2, 2, 0, 1, 2, 1, 2)	445.6
(2, 2, 0, 1, 2, 2, 0)	402.3
(2, 2, 0, 1, 2, 2, 1)	504.8
(2, 2, 0, 1, 2, 2, 2)	384.7
(2, 2, 0, 2, 0, 0, 0)	0.0
(2, 2, 0, 2, 0, 0, 1)	379.1
(2, 2, 0, 2, 0, 0, 2)	0.0
(2, 2, 0, 2, 0, 1, 0)	370.4
(2, 2, 0, 2, 0, 1, 1)	356.8
(2, 2, 0, 2, 0, 1, 2)	232.8
(2, 2, 0, 2, 0, 2, 0)	0.0
(2, 2, 0, 2, 0, 2, 1)	243.6
(2, 2, 0, 2, 0, 2, 2)	0.0
(2, 2, 0, 2, 1, 0, 0)	289.5
(2, 2, 0, 2, 1, 0, 1)	486.6
(2, 2, 0, 2, 1, 0, 2)	253.3
(2, 2, 0, 2, 1, 1, 0)	516.7
(2, 2, 0, 2, 1, 1, 1)	572.2
(2, 2, 0, 2, 1, 1, 2)	343.6
(2, 2, 0, 2, 1, 2, 0)	257.0
(2, 2, 0, 2, 1, 2, 1)	320.8
(2, 2, 0, 2, 1, 2, 2)	232.9
(2, 2, 0, 2, 2, 0, 0)	0.0
(2, 2, 0, 2, 2, 0, 1)	310.4
(2, 2, 0, 2, 2, 0, 2)	0.0
(2, 2, 0, 2, 2, 1, 0)	292.8
(2, 2, 0, 2, 2, 1, 1)	412.8
(2, 2, 0, 2, 2, 1, 2)	375.5
(2, 2, 0, 2, 2, 2, 0)	0.0
(2, 2, 0, 2, 2, 2, 1)	314.8
(2, 2, 0, 2, 2, 2, 2)	0.0
(2, 2, 1, 0, 0, 0, 0)	549.4
(2, 2, 1, 0, 0, 0, 1)	634.4
(2, 2, 1, 0, 0, 0, 2)	581.8
(2, 2, 1, 0, 0, 1, 0)	625.0
(2, 2, 1, 0, 0, 1, 1)	649.6
(2, 2, 1, 0, 0, 1, 2)	522.8
(2, 2, 1, 0, 0, 2, 0)	612.1
(2, 2, 1, 0, 0, 2, 1)	545.4
(2, 2, 1, 0, 0, 2, 2)	510.0
(2, 2, 1, 0, 1, 0, 0)	817.1
(2, 2, 1, 0, 1, 0, 1)	829.4
(2, 2, 1, 0, 1, 0, 2)	757.9
(2, 2, 1, 0, 1, 1, 0)	835.3
(2, 2, 1, 0, 1, 1, 1)	779.4
(2, 2, 1, 0, 1, 1, 2)	731.0
(2, 2, 1, 0, 1, 2, 0)	806.0
(2, 2, 1, 0, 1, 2, 1)	781.1
(2, 2, 1, 0, 1, 2, 2)	648.9
(2, 2, 1, 0, 2, 0, 0)	572.4
(2, 2, 1, 0, 2, 0, 1)	597.4
(2, 2, 1, 0, 2, 0, 2)	541.3
(2, 2, 1, 0, 2, 1, 0)	644.5
(2, 2, 1, 0, 2, 1, 1)	574.2
(2, 2, 1, 0, 2, 1, 2)	522.4
(2, 2, 1, 0, 2, 2, 0)	537.5
(2, 2, 1, 0, 2, 2, 1)	517.0
(2, 2, 1, 0, 2, 2, 2)	400.1
(2, 2, 1, 1, 0, 0, 0)	933.9
(2, 2, 1, 1, 0, 0, 1)	985.9
(2, 2, 1, 1, 0, 0, 2)	901.8
(2, 2, 1, 1, 0, 1, 0)	1038.2
(2, 2, 1, 1, 0, 1, 1)	994.1
(2, 2, 1, 1, 0, 1, 2)	854.4
(2, 2, 1, 1, 0, 2, 0)	1013.6
(2, 2, 1, 1, 0, 2, 1)	950.9
(2, 2, 1, 1, 0, 2, 2)	877.2
(2, 2, 1, 1, 1, 0, 0)	1170.7
(2, 2, 1, 1, 1, 0, 1)	1228.7
(2, 2, 1, 1, 1, 0, 2)	1273.3
(2, 2, 1, 1, 1, 1, 0)	1205.6
(2, 2, 1, 1, 1, 1, 1)	1221.5
(2, 2, 1, 1, 1, 1, 2)	1171.5
(2, 2, 1, 1, 1, 2, 0)	1150.1
(2, 2, 1, 1, 1, 2, 1)	1129.5
(2, 2, 1, 1, 1, 2, 2)	1087.7
(2, 2, 1, 1, 2, 0, 0)	904.5
(2, 2, 1, 1, 2, 0, 1)	1068.9
(2, 2, 1, 1, 2, 0, 2)	971.9
(2, 2, 1, 1, 2, 1, 0)	1044.8
(2, 2, 1, 1, 2, 1, 1)	934.5
(2, 2, 1, 1, 2, 1, 2)	931.9
(2, 2, 1, 1, 2, 2, 0)	867.7
(2, 2, 1, 1, 2, 2, 1)	949.8
(2, 2, 1, 1, 2, 2, 2)	843.4
(2, 2, 1, 2, 0, 0, 0)	642.0
(2, 2, 1, 2, 0, 0, 1)	602.1
(2, 2, 1, 2, 0, 0, 2)	490.0
(2, 2, 1, 2, 0, 1, 0)	510.4
(2, 2, 1, 2, 0, 1, 1)	639.8
(2, 2, 1, 2, 0, 1, 2)	634.0
(2, 2, 1, 2, 0, 2, 0)	391.8
(2, 2, 1, 2, 0, 2, 1)	486.9
(2, 2, 1, 2, 0, 2, 2)	531.2
(2, 2, 1, 2, 1, 0, 0)	811.3
(2, 2, 1, 2, 1, 0, 1)	854.3
(2, 2, 1, 2, 1, 0, 2)	778.6
(2, 2, 1, 2, 1, 1, 0)	806.8
(2, 2, 1, 2, 1, 1, 1)	775.5
(2, 2, 1, 2, 1, 1, 2)	736.0
(2, 2, 1, 2, 1, 2, 0)	673.3
(2, 2, 1, 2, 1, 2, 1)	830.3
(2, 2, 1, 2, 1, 2, 2)	609.8
(2, 2, 1, 2, 2, 0, 0)	698.6
(2, 2, 1, 2, 2, 0, 1)	568.1
(2, 2, 1, 2, 2, 0, 2)	545.2
(2, 2, 1, 2, 2, 1, 0)	591.6
(2, 2, 1, 2, 2, 1, 1)	616.6
(2, 2, 1, 2, 2, 1, 2)	566.1
(2, 2, 1, 2, 2, 2, 0)	535.4
(2, 2, 1, 2, 2, 2, 1)	539.4
(2, 2, 1, 2, 2, 2, 2)	431.3
(2, 2, 2, 0, 0, 0, 0)	0.0
(2, 2, 2, 0, 0, 0, 1)	126.5
(2, 2, 2, 0, 0, 0, 2)	0.0
(2, 2, 2, 0, 0, 1, 0)	44.6
(2, 2, 2, 0, 0, 1, 1)	102.1
(2, 2, 2, 0, 0, 1, 2)	29.7
(2, 2, 2, 0, 0, 2, 0)	0.0
(2, 2, 2, 0, 0, 2, 1)	54.5
(2, 2, 2, 0, 0, 2, 2)	0.0
(2, 2, 2, 0, 1, 0, 0)	262.8
(2, 2, 2, 0, 1, 0, 1)	256.7
(2, 2, 2, 0, 1, 0, 2)	231.1
(2, 2, 2, 0, 1, 1, 0)	243.7
(2, 2, 2, 0, 1, 1, 1)	270.8
(2, 2, 2, 0, 1, 1, 2)	242.5
(2, 2, 2, 0, 1, 2, 0)	240.7
(2, 2, 2, 0, 1, 2, 1)	257.4
(2, 2, 2, 0, 1, 2, 2)	245.3
(2, 2, 2, 0, 2, 0, 0)	0.0
(2, 2, 2, 0, 2, 0, 1)	47.7
(2, 2, 2, 0, 2, 0, 2)	0.0
(2, 2, 2, 0, 2, 1, 0)	42.7
(2, 2, 2, 0, 2, 1, 1)	52.7
(2, 2, 2, 0, 2, 1, 2)	11.2
(2, 2, 2, 0, 2, 2, 0)	0.0
(2, 2, 2, 0, 2, 2, 1)	65.9
(2, 2, 2, 0, 2, 2, 2)	0.0
(2, 2, 2, 1, 0, 0, 0)	383.9
(2, 2, 2, 1, 0, 0, 1)	431.9
(2, 2, 2, 1, 0, 0, 2)	384.6
(2, 2, 2, 1, 0, 1, 0)	392.9
(2, 2, 2, 1, 0, 1, 1)	436.9
(2, 2, 2, 1, 0, 1, 2)	397.7
(2, 2, 2, 1, 0, 2, 0)	391.2
(2, 2, 2, 1, 0, 2, 1)	432.3
(2, 2, 2, 1, 0, 2, 2)	422.8
(2, 2, 2, 1, 1, 0, 0)	634.9
(2, 2, 2, 1, 1, 0, 1)	608.3
(2, 2, 2, 1, 1, 0, 2)	596.1
(2, 2, 2, 1, 1, 1, 0)	615.2
(2, 2, 2, 1, 1, 1, 1)	648.5
(2, 2, 2, 1, 1, 1, 2)	689.5
(2, 2, 2, 1, 1, 2, 0)	604.2
(2, 2, 2, 1, 1, 2, 1)	617.2
(2, 2, 2, 1, 1, 2, 2)	696.3
(2, 2, 2, 1, 2, 0, 0)	392.0
(2, 2, 2, 1, 2, 0, 1)	408.0
(2, 2, 2, 1, 2, 0, 2)	427.6
(2, 2, 2, 1, 2, 1, 0)	407.6
(2, 2, 2, 1, 2, 1, 1)	435.5
(2, 2, 2, 1, 2, 1, 2)	415.9
(2, 2, 2, 1, 2, 2, 0)	428.2
(2, 2, 2, 1, 2, 2, 1)	374.6
(2, 2, 2, 1, 2, 2, 2)	412.3
(2, 2, 2, 2, 0, 0, 0)	0.0
(2, 2, 2, 2, 0, 0, 1)	99.5
(2, 2, 2, 2, 0, 0, 2)	0.0
(2, 2, 2, 2, 0, 1, 0)	109.4
(2, 2, 2, 2, 0, 1, 1)	109.4
(2, 2, 2, 2, 0, 1, 2)	31.5
(2, 2, 2, 2, 0, 2, 0)	0.0
(2, 2, 2, 2, 0, 2, 1)	25.5
(2, 2, 2, 2, 0, 2, 2)	0.0
(2, 2, 2, 2, 1, 0, 0)	243.8
(2, 2, 2, 2, 1, 0, 1)	240.6
(2, 2, 2, 2, 1, 0, 2)	241.6
(2, 2, 2, 2, 1, 1, 0)	236.4
(2, 2, 2, 2, 1, 1, 1)	295.3
(2, 2, 2, 2, 1, 1, 2)	261.8
(2, 2, 2, 2, 1, 2, 0)	236.8
(2, 2, 2, 2, 1, 2, 1)	236.3
(2, 2, 2, 2, 1, 2, 2)	246.4
(2, 2, 2, 2, 2, 0, 0)	0.0
(2, 2, 2, 2, 2, 0, 1)	73.7
(2, 2, 2, 2, 2, 0, 2)	0.0
(2, 2, 2, 2, 2, 1, 0)	46.0
(2, 2, 2, 2, 2, 1, 1)	105.2
(2, 2, 2, 2, 2, 1, 2)	20.4
(2, 2, 2, 2, 2, 2, 0)	0.0
(2, 2, 2, 2, 2, 2, 1)	78.5
(2, 2, 2, 2, 2, 2, 2)	0.0
