(0, 0, 0, 0, 0, 0, 0)	0.0
(0, 0, 0, 0, 0, 0, 1)	17.8
(0, 0, 0, 0, 0, 0, 2)	0.0
(0, 0, 0, 0, 0, 1, 0)	19.0
(0, 0, 0, 0, 0, 1, 1)	37.3
(0, 0, 0, 0, 0, 1, 2)	22.7
(0, 0, 0, 0, 0, 2, 0)	0.0
(0, 0, 0, 0, 0, 2, 1)	38.7
(0, 0, 0, 0, 0, 2, 2)	0.0
(0, 0, 0, 0, 1, 0, 0)	5.4
(0, 0, 0, 0, 1, 0, 1)	90.2
(0, 0, 0, 0, 1, 0, 2)	14.8
(0, 0, 0, 0, 1, 1, 0)	68.9
(0, 0, 0, 0, 1, 1, 1)	38.1
(0, 0, 0, 0, 1, 1, 2)	61.4
(0, 0, 0, 0, 1, 2, 0)	41.1
(0, 0, 0, 0, 1, 2, 1)	36.0
(0, 0, 0, 0, 1, 2, 2)	32.1
(0, 0, 0, 0, 2, 0, 0)	0.0
(0, 0, 0, 0, 2, 0, 1)	18.4
(0, 0, 0, 0, 2, 0, 2)	0.0
(0, 0, 0, 0, 2, 1, 0)	103.5
(0, 0, 0, 0, 2, 1, 1)	22.6
(0, 0, 0, 0, 2, 1, 2)	45.1
(0, 0, 0, 0, 2, 2, 0)	0.0
(0, 0, 0, 0, 2, 2, 1)	29.3
(0, 0, 0, 0, 2, 2, 2)	0.0
(0, 0, 0, 1, 0, 0, 0)	3.1
(0, 0, 0, 1, 0, 0, 1)	49.8
(0, 0, 0, 1, 0, 0, 2)	44.8
(0, 0, 0, 1, 0, 1, 0)	44.3
(0, 0, 0, 1, 0, 1, 1)	133.5
(0, 0, 0, 1, 0, 1, 2)	74.8
(0, 0, 0, 1, 0, 2, 0)	47.6
(0, 0, 0, 1, 0, 2, 1)	34.0
(0, 0, 0, 1, 0, 2, 2)	34.8
(0, 0, 0, 1, 1, 0, 0)	53.7
(0, 0, 0, 1, 1, 0, 1)	95.8
(0, 0, 0, 1, 1, 0, 2)	41.1
(0, 0, 0, 1, 1, 1, 0)	66.0
(0, 0, 0, 1, 1, 1, 1)	104.2
(0, 0, 0, 1, 1, 1, 2)	60.7
(0, 0, 0, 1, 1, 2, 0)	58.1
(0, 0, 0, 1, 1, 2, 1)	58.3
(0, 0, 0, 1, 1, 2, 2)	79.1
(0, 0, 0, 1, 2, 0, 0)	73.9
(0, 0, 0, 1, 2, 0, 1)	34.8
(0, 0, 0, 1, 2, 0, 2)	30.7
(0, 0, 0, 1, 2, 1, 0)	40.0
(0, 0, 0, 1, 2, 1, 1)	56.8
(0, 0, 0, 1, 2, 1, 2)	57.1
(0, 0, 0, 1, 2, 2, 0)	35.8
(0, 0, 0, 1, 2, 2, 1)	37.9
(0, 0, 0, 1, 2, 2, 2)	27.2
(0, 0, 0, 2, 0, 0, 0)	0.0
(0, 0, 0, 2, 0, 0, 1)	12.5
(0, 0, 0, 2, 0, 0, 2)	0.0
(0, 0, 0, 2, 0, 1, 0)	37.5
(0, 0, 0, 2, 0, 1, 1)	55.2
(0, 0, 0, 2, 0, 1, 2)	28.2
(0, 0, 0, 2, 0, 2, 0)	0.0
(0, 0, 0, 2, 0, 2, 1)	38.0
(0, 0, 0, 2, 0, 2, 2)	0.0
(0, 0, 0, 2, 1, 0, 0)	27.2
(0, 0, 0, 2, 1, 0, 1)	62.6
(0, 0, 0, 2, 1, 0, 2)	29.8
(0, 0, 0, 2, 1, 1, 0)	29.5
(0, 0, 0, 2, 1, 1, 1)	44.4
(0, 0, 0, 2, 1, 1, 2)	41.8
(0, 0, 0, 2, 1, 2, 0)	51.4
(0, 0, 0, 2, 1, 2, 1)	50.3
(0, 0, 0, 2, 1, 2, 2)	60.0
(0, 0, 0, 2, 2, 0, 0)	0.0
(0, 0, 0, 2, 2, 0, 1)	30.0
(0, 0, 0, 2, 2, 0, 2)	0.0
(0, 0, 0, 2, 2, 1, 0)	38.3
(0, 0, 0, 2, 2, 1, 1)	68.8
(0, 0, 0, 2, 2, 1, 2)	37.1
(0, 0, 0, 2, 2, 2, 0)	0.0
(0, 0, 0, 2, 2, 2, 1)	18.7
(0, 0, 0, 2, 2, 2, 2)	0.0
(0, 0, 1, 0, 0, 0, 0)	53.1
(0, 0, 1, 0, 0, 0, 1)	38.0
(0, 0, 1, 0, 0, 0, 2)	13.0
(0, 0, 1, 0, 0, 1, 0)	95.1
(0, 0, 1, 0, 0, 1, 1)	44.9
(0, 0, 1, 0, 0, 1, 2)	43.2
(0, 0, 1, 0, 0, 2, 0)	34.5
(0, 0, 1, 0, 0, 2, 1)	50.1
(0, 0, 1, 0, 0, 2, 2)	45.1
(0, 0, 1, 0, 1, 0, 0)	42.9
(0, 0, 1, 0, 1, 0, 1)	94.8
(0, 0, 1, 0, 1, 0, 2)	76.8
(0, 0, 1, 0, 1, 1, 0)	58.3
(0, 0, 1, 0, 1, 1, 1)	141.8
(0, 0, 1, 0, 1, 1, 2)	39.3
(0, 0, 1, 0, 1, 2, 0)	40.1
(0, 0, 1, 0, 1, 2, 1)	37.9
(0, 0, 1, 0, 1, 2, 2)	56.4
(0, 0, 1, 0, 2, 0, 0)	35.6
(0, 0, 1, 0, 2, 0, 1)	47.3
(0, 0, 1, 0, 2, 0, 2)	27.9
(0, 0, 1, 0, 2, 1, 0)	67.6
(0, 0, 1, 0, 2, 1, 1)	82.2
(0, 0, 1, 0, 2, 1, 2)	53.8
(0, 0, 1, 0, 2, 2, 0)	32.3
(0, 0, 1, 0, 2, 2, 1)	61.6
(0, 0, 1, 0, 2, 2, 2)	38.6
(0, 0, 1, 1, 0, 0, 0)	27.2
(0, 0, 1, 1, 0, 0, 1)	60.1
(0, 0, 1, 1, 0, 0, 2)	44.5
(0, 0, 1, 1, 0, 1, 0)	55.2
(0, 0, 1, 1, 0, 1, 1)	34.8
(0, 0, 1, 1, 0, 1, 2)	77.3
(0, 0, 1, 1, 0, 2, 0)	57.6
(0, 0, 1, 1, 0, 2, 1)	90.7
(0, 0, 1, 1, 0, 2, 2)	68.6
(0, 0, 1, 1, 1, 0, 0)	84.5
(0, 0, 1, 1, 1, 0, 1)	63.6
(0, 0, 1, 1, 1, 0, 2)	95.1
(0, 0, 1, 1, 1, 1, 0)	59.6
(0, 0, 1, 1, 1, 1, 1)	117.3
(0, 0, 1, 1, 1, 1, 2)	89.2
(0, 0, 1, 1, 1, 2, 0)	56.6
(0, 0, 1, 1, 1, 2, 1)	66.3
(0, 0, 1, 1, 1, 2, 2)	75.9
(0, 0, 1, 1, 2, 0, 0)	34.9
(0, 0, 1, 1, 2, 0, 1)	56.2
(0, 0, 1, 1, 2, 0, 2)	50.6
(0, 0, 1, 1, 2, 1, 0)	42.7
(0, 0, 1, 1, 2, 1, 1)	72.8
(0, 0, 1, 1, 2, 1, 2)	71.8
(0, 0, 1, 1, 2, 2, 0)	83.3
(0, 0, 1, 1, 2, 2, 1)	33.7
(0, 0, 1, 1, 2, 2, 2)	57.0
(0, 0, 1, 2, 0, 0, 0)	31.2
(0, 0, 1, 2, 0, 0, 1)	50.2
(0, 0, 1, 2, 0, 0, 2)	25.8
(0, 0, 1, 2, 0, 1, 0)	33.8
(0, 0, 1, 2, 0, 1, 1)	56.0
(0, 0, 1, 2, 0, 1, 2)	19.7
(0, 0, 1, 2, 0, 2, 0)	27.2
(0, 0, 1, 2, 0, 2, 1)	41.0
(0, 0, 1, 2, 0, 2, 2)	41.5
(0, 0, 1, 2, 1, 0, 0)	37.0
(0, 0, 1, 2, 1, 0, 1)	99.8
(0, 0, 1, 2, 1, 0, 2)	101.2
(0, 0, 1, 2, 1, 1, 0)	92.1
(0, 0, 1, 2, 1, 1, 1)	63.1
(0, 0, 1, 2, 1, 1, 2)	70.9
(0, 0, 1, 2, 1, 2, 0)	63.0
(0, 0, 1, 2, 1, 2, 1)	37.1
(0, 0, 1, 2, 1, 2, 2)	47.5
(0, 0, 1, 2, 2, 0, 0)	27.8
(0, 0, 1, 2, 2, 0, 1)	36.2
(0, 0, 1, 2, 2, 0, 2)	25.6
(0, 0, 1, 2, 2, 1, 0)	95.4
(0, 0, 1, 2, 2, 1, 1)	64.1
(0, 0, 1, 2, 2, 1, 2)	58.2
(0, 0, 1, 2, 2, 2, 0)	28.5
(0, 0, 1, 2, 2, 2, 1)	27.4
(0, 0, 1, 2, 2, 2, 2)	25.6
(0, 0, 2, 0, 0, 0, 0)	0.0
(0, 0, 2, 0, 0, 0, 1)	20.2
(0, 0, 2, 0, 0, 0, 2)	0.0
(0, 0, 2, 0, 0, 1, 0)	22.0
(0, 0, 2, 0, 0, 1, 1)	50.8
(0, 0, 2, 0, 0, 1, 2)	21.6
(0, 0, 2, 0, 0, 2, 0)	0.0
(0, 0, 2, 0, 0, 2, 1)	50.5
(0, 0, 2, 0, 0, 2, 2)	0.0
(0, 0, 2, 0, 1, 0, 0)	8.6
(0, 0, 2, 0, 1, 0, 1)	20.1
(0, 0, 2, 0, 1, 0, 2)	32.6
(0, 0, 2, 0, 1, 1, 0)	57.1
(0, 0, 2, 0, 1, 1, 1)	64.6
(0, 0, 2, 0, 1, 1, 2)	22.5
(0, 0, 2, 0, 1, 2, 0)	21.4
(0, 0, 2, 0, 1, 2, 1)	41.2
(0, 0, 2, 0, 1, 2, 2)	65.3
(0, 0, 2, 0, 2, 0, 0)	0.0
(0, 0, 2, 0, 2, 0, 1)	20.5
(0, 0, 2, 0, 2, 0, 2)	0.0
(0, 0, 2, 0, 2, 1, 0)	36.6
(0, 0, 2, 0, 2, 1, 1)	69.5
(0, 0, 2, 0, 2, 1, 2)	21.2
(0, 0, 2, 0, 2, 2, 0)	0.0
(0, 0, 2, 0, 2, 2, 1)	31.6
(0, 0, 2, 0, 2, 2, 2)	0.0
(0, 0, 2, 1, 0, 0, 0)	15.9
(0, 0, 2, 1, 0, 0, 1)	96.9
(0, 0, 2, 1, 0, 0, 2)	47.3
(0, 0, 2, 1, 0, 1, 0)	43.6
(0, 0, 2, 1, 0, 1, 1)	79.9
(0, 0, 2, 1, 0, 1, 2)	63.3
(0, 0, 2, 1, 0, 2, 0)	20.7
(0, 0, 2, 1, 0, 2, 1)	35.7
(0, 0, 2, 1, 0, 2, 2)	56.3
(0, 0, 2, 1, 1, 0, 0)	79.0
(0, 0, 2, 1, 1, 0, 1)	57.8
(0, 0, 2, 1, 1, 0, 2)	70.9
(0, 0, 2, 1, 1, 1, 0)	27.1
(0, 0, 2, 1, 1, 1, 1)	56.5
(0, 0, 2, 1, 1, 1, 2)	89.3
(0, 0, 2, 1, 1, 2, 0)	51.8
(0, 0, 2, 1, 1, 2, 1)	52.2
(0, 0, 2, 1, 1, 2, 2)	48.7
(0, 0, 2, 1, 2, 0, 0)	64.0
(0, 0, 2, 1, 2, 0, 1)	45.5
(0, 0, 2, 1, 2, 0, 2)	35.5
(0, 0, 2, 1, 2, 1, 0)	61.2
(0, 0, 2, 1, 2, 1, 1)	46.9
(0, 0, 2, 1, 2, 1, 2)	66.7
(0, 0, 2, 1, 2, 2, 0)	34.3
(0, 0, 2, 1, 2, 2, 1)	54.2
(0, 0, 2, 1, 2, 2, 2)	61.4
(0, 0, 2, 2, 0, 0, 0)	0.0
(0, 0, 2, 2, 0, 0, 1)	23.3
(0, 0, 2, 2, 0, 0, 2)	0.0
(0, 0, 2, 2, 0, 1, 0)	46.1
(0, 0, 2, 2, 0, 1, 1)	77.4
(0, 0, 2, 2, 0, 1, 2)	36.2
(0, 0, 2, 2, 0, 2, 0)	0.0
(0, 0, 2, 2, 0, 2, 1)	28.8
(0, 0, 2, 2, 0, 2, 2)	0.0
(0, 0, 2, 2, 1, 0, 0)	23.7
(0, 0, 2, 2, 1, 0, 1)	34.8
(0, 0, 2, 2, 1, 0, 2)	33.2
(0, 0, 2, 2, 1, 1, 0)	61.8
(0, 0, 2, 2, 1, 1, 1)	53.0
(0, 0, 2, 2, 1, 1, 2)	82.6
(0, 0, 2, 2, 1, 2, 0)	28.5
(0, 0, 2, 2, 1, 2, 1)	72.4
(0, 0, 2, 2, 1, 2, 2)	44.3
(0, 0, 2, 2, 2, 0, 0)	0.0
(0, 0, 2, 2, 2, 0, 1)	36.5
(0, 0, 2, 2, 2, 0, 2)	0.0
(0, 0, 2, 2, 2, 1, 0)	60.1
(0, 0, 2, 2, 2, 1, 1)	47.7
(0, 0, 2, 2, 2, 1, 2)	23.3
(0, 0, 2, 2, 2, 2, 0)	0.0
(0, 0, 2, 2, 2, 2, 1)	24.8
(0, 0, 2, 2, 2, 2, 2)	0.0
(0, 1, 0, 0, 0, 0, 0)	15.3
(0, 1, 0, 0, 0, 0, 1)	28.3
(0, 1, 0, 0, 0, 0, 2)	29.8
(0, 1, 0, 0, 0, 1, 0)	26.7
(0, 1, 0, 0, 0, 1, 1)	49.7
(0, 1, 0, 0, 0, 1, 2)	31.5
(0, 1, 0, 0, 0, 2, 0)	49.7
(0, 1, 0, 0, 0, 2, 1)	39.5
(0, 1, 0, 0, 0, 2, 2)	31.0
(0, 1, 0, 0, 1, 0, 0)	21.8
(0, 1, 0, 0, 1, 0, 1)	41.8
(0, 1, 0, 0, 1, 0, 2)	18.3
(0, 1, 0, 0, 1, 1, 0)	73.9
(0, 1, 0, 0, 1, 1, 1)	126.3
(0, 1, 0, 0, 1, 1, 2)	62.5
(0, 1, 0, 0, 1, 2, 0)	25.7
(0, 1, 0, 0, 1, 2, 1)	37.1
(0, 1, 0, 0, 1, 2, 2)	31.1
(0, 1, 0, 0, 2, 0, 0)	34.6
(0, 1, 0, 0, 2, 0, 1)	48.5
(0, 1, 0, 0, 2, 0, 2)	27.3
(0, 1, 0, 0, 2, 1, 0)	43.2
(0, 1, 0, 0, 2, 1, 1)	90.9
(0, 1, 0, 0, 2, 1, 2)	65.8
(0, 1, 0, 0, 2, 2, 0)	25.5
(0, 1, 0, 0, 2, 2, 1)	52.1
(0, 1, 0, 0, 2, 2, 2)	48.4
(0, 1, 0, 1, 0, 0, 0)	54.5
(0, 1, 0, 1, 0, 0, 1)	30.8
(0, 1, 0, 1, 0, 0, 2)	67.1
(0, 1, 0, 1, 0, 1, 0)	64.5
(0, 1, 0, 1, 0, 1, 1)	87.8
(0, 1, 0, 1, 0, 1, 2)	95.2
(0, 1, 0, 1, 0, 2, 0)	85.7
(0, 1, 0, 1, 0, 2, 1)	64.9
(0, 1, 0, 1, 0, 2, 2)	33.1
(0, 1, 0, 1, 1, 0, 0)	72.8
(0, 1, 0, 1, 1, 0, 1)	130.1
(0, 1, 0, 1, 1, 0, 2)	63.4
(0, 1, 0, 1, 1, 1, 0)	118.2
(0, 1, 0, 1, 1, 1, 1)	127.9
(0, 1, 0, 1, 1, 1, 2)	102.4
(0, 1, 0, 1, 1, 2, 0)	70.0
(0, 1, 0, 1, 1, 2, 1)	61.7
(0, 1, 0, 1, 1, 2, 2)	61.9
(0, 1, 0, 1, 2, 0, 0)	35.9
(0, 1, 0, 1, 2, 0, 1)	61.0
(0, 1, 0, 1, 2, 0, 2)	47.8
(0, 1, 0, 1, 2, 1, 0)	108.9
(0, 1, 0, 1, 2, 1, 1)	82.6
(0, 1, 0, 1, 2, 1, 2)	88.4
(0, 1, 0, 1, 2, 2, 0)	53.5
(0, 1, 0, 1, 2, 2, 1)	48.9
(0, 1, 0, 1, 2, 2, 2)	58.2
(0, 1, 0, 2, 0, 0, 0)	27.1
(0, 1, 0, 2, 0, 0, 1)	45.5
(0, 1, 0, 2, 0, 0, 2)	16.1
(0, 1, 0, 2, 0, 1, 0)	30.2
(0, 1, 0, 2, 0, 1, 1)	47.8
(0, 1, 0, 2, 0, 1, 2)	47.2
(0, 1, 0, 2, 0, 2, 0)	33.7
(0, 1, 0, 2, 0, 2, 1)	83.7
(0, 1, 0, 2, 0, 2, 2)	43.5
(0, 1, 0, 2, 1, 0, 0)	31.7
(0, 1, 0, 2, 1, 0, 1)	37.0
(0, 1, 0, 2, 1, 0, 2)	70.5
(0, 1, 0, 2, 1, 1, 0)	96.0
(0, 1, 0, 2, 1, 1, 1)	132.6
(0, 1, 0, 2, 1, 1, 2)	60.7
(0, 1, 0, 2, 1, 2, 0)	47.1
(0, 1, 0, 2, 1, 2, 1)	55.5
(0, 1, 0, 2, 1, 2, 2)	64.9
(0, 1, 0, 2, 2, 0, 0)	49.5
(0, 1, 0, 2, 2, 0, 1)	42.7
(0, 1, 0, 2, 2, 0, 2)	42.4
(0, 1, 0, 2, 2, 1, 0)	47.6
(0, 1, 0, 2, 2, 1, 1)	51.8
(0, 1, 0, 2, 2, 1, 2)	66.9
(0, 1, 0, 2, 2, 2, 0)	39.9
(0, 1, 0, 2, 2, 2, 1)	68.0
(0, 1, 0, 2, 2, 2, 2)	23.2
(0, 1, 1, 0, 0, 0, 0)	43.7
(0, 1, 1, 0, 0, 0, 1)	30.9
(0, 1, 1, 0, 0, 0, 2)	74.3
(0, 1, 1, 0, 0, 1, 0)	67.6
(0, 1, 1, 0, 0, 1, 1)	207.5
(0, 1, 1, 0, 0, 1, 2)	28.0
(0, 1, 1, 0, 0, 2, 0)	45.6
(0, 1, 1, 0, 0, 2, 1)	31.9
(0, 1, 1, 0, 0, 2, 2)	52.9
(0, 1, 1, 0, 1, 0, 0)	114.5
(0, 1, 1, 0, 1, 0, 1)	191.6
(0, 1, 1, 0, 1, 0, 2)	48.9
(0, 1, 1, 0, 1, 1, 0)	69.5
(0, 1, 1, 0, 1, 1, 1)	99.3
(0, 1, 1, 0, 1, 1, 2)	87.6
(0, 1, 1, 0, 1, 2, 0)	48.1
(0, 1, 1, 0, 1, 2, 1)	86.9
(0, 1, 1, 0, 1, 2, 2)	55.5
(0, 1, 1, 0, 2, 0, 0)	40.2
(0, 1, 1, 0, 2, 0, 1)	83.1
(0, 1, 1, 0, 2, 0, 2)	68.1
(0, 1, 1, 0, 2, 1, 0)	59.0
(0, 1, 1, 0, 2, 1, 1)	83.3
(0, 1, 1, 0, 2, 1, 2)	66.4
(0, 1, 1, 0, 2, 2, 0)	69.4
(0, 1, 1, 0, 2, 2, 1)	130.2
(0, 1, 1, 0, 2, 2, 2)	36.7
(0, 1, 1, 1, 0, 0, 0)	64.0
(0, 1, 1, 1, 0, 0, 1)	73.3
(0, 1, 1, 1, 0, 0, 2)	37.0
(0, 1, 1, 1, 0, 1, 0)	96.7
(0, 1, 1, 1, 0, 1, 1)	161.4
(0, 1, 1, 1, 0, 1, 2)	95.2
(0, 1, 1, 1, 0, 2, 0)	49.9
(0, 1, 1, 1, 0, 2, 1)	76.1
(0, 1, 1, 1, 0, 2, 2)	47.5
(0, 1, 1, 1, 1, 0, 0)	112.2
(0, 1, 1, 1, 1, 0, 1)	87.3
(0, 1, 1, 1, 1, 0, 2)	85.2
(0, 1, 1, 1, 1, 1, 0)	106.9
(0, 1, 1, 1, 1, 1, 1)	93.5
(0, 1, 1, 1, 1, 1, 2)	104.3
(0, 1, 1, 1, 1, 2, 0)	66.5
(0, 1, 1, 1, 1, 2, 1)	116.1
(0, 1, 1, 1, 1, 2, 2)	69.9
(0, 1, 1, 1, 2, 0, 0)	63.6
(0, 1, 1, 1, 2, 0, 1)	72.3
(0, 1, 1, 1, 2, 0, 2)	53.3
(0, 1, 1, 1, 2, 1, 0)	84.2
(0, 1, 1, 1, 2, 1, 1)	57.9
(0, 1, 1, 1, 2, 1, 2)	71.9
(0, 1, 1, 1, 2, 2, 0)	86.2
(0, 1, 1, 1, 2, 2, 1)	98.6
(0, 1, 1, 1, 2, 2, 2)	43.0
(0, 1, 1, 2, 0, 0, 0)	64.3
(0, 1, 1, 2, 0, 0, 1)	78.1
(0, 1, 1, 2, 0, 0, 2)	45.6
(0, 1, 1, 2, 0, 1, 0)	74.6
(0, 1, 1, 2, 0, 1, 1)	66.7
(0, 1, 1, 2, 0, 1, 2)	34.3
(0, 1, 1, 2, 0, 2, 0)	60.7
(0, 1, 1, 2, 0, 2, 1)	75.5
(0, 1, 1, 2, 0, 2, 2)	77.3
(0, 1, 1, 2, 1, 0, 0)	39.0
(0, 1, 1, 2, 1, 0, 1)	59.3
(0, 1, 1, 2, 1, 0, 2)	75.6
(0, 1, 1, 2, 1, 1, 0)	70.8
(0, 1, 1, 2, 1, 1, 1)	73.6
(0, 1, 1, 2, 1, 1, 2)	44.8
(0, 1, 1, 2, 1, 2, 0)	60.3
(0, 1, 1, 2, 1, 2, 1)	109.8
(0, 1, 1, 2, 1, 2, 2)	55.0
(0, 1, 1, 2, 2, 0, 0)	43.9
(0, 1, 1, 2, 2, 0, 1)	52.5
(0, 1, 1, 2, 2, 0, 2)	52.4
(0, 1, 1, 2, 2, 1, 0)	55.5
(0, 1, 1, 2, 2, 1, 1)	59.0
(0, 1, 1, 2, 2, 1, 2)	60.9
(0, 1, 1, 2, 2, 2, 0)	38.3
(0, 1, 1, 2, 2, 2, 1)	43.1
(0, 1, 1, 2, 2, 2, 2)	36.5
(0, 1, 2, 0, 0, 0, 0)	19.5
(0, 1, 2, 0, 0, 0, 1)	41.2
(0, 1, 2, 0, 0, 0, 2)	25.4
(0, 1, 2, 0, 0, 1, 0)	60.1
(0, 1, 2, 0, 0, 1, 1)	69.3
(0, 1, 2, 0, 0, 1, 2)	48.1
(0, 1, 2, 0, 0, 2, 0)	39.8
(0, 1, 2, 0, 0, 2, 1)	46.8
(0, 1, 2, 0, 0, 2, 2)	28.9
(0, 1, 2, 0, 1, 0, 0)	39.6
(0, 1, 2, 0, 1, 0, 1)	43.5
(0, 1, 2, 0, 1, 0, 2)	40.8
(0, 1, 2, 0, 1, 1, 0)	35.8
(0, 1, 2, 0, 1, 1, 1)	105.3
(0, 1, 2, 0, 1, 1, 2)	77.1
(0, 1, 2, 0, 1, 2, 0)	41.4
(0, 1, 2, 0, 1, 2, 1)	67.5
(0, 1, 2, 0, 1, 2, 2)	66.0
(0, 1, 2, 0, 2, 0, 0)	40.6
(0, 1, 2, 0, 2, 0, 1)	41.7
(0, 1, 2, 0, 2, 0, 2)	23.3
(0, 1, 2, 0, 2, 1, 0)	54.5
(0, 1, 2, 0, 2, 1, 1)	69.7
(0, 1, 2, 0, 2, 1, 2)	52.1
(0, 1, 2, 0, 2, 2, 0)	35.8
(0, 1, 2, 0, 2, 2, 1)	36.9
(0, 1, 2, 0, 2, 2, 2)	43.1
(0, 1, 2, 1, 0, 0, 0)	85.2
(0, 1, 2, 1, 0, 0, 1)	105.9
(0, 1, 2, 1, 0, 0, 2)	58.6
(0, 1, 2, 1, 0, 1, 0)	43.6
(0, 1, 2, 1, 0, 1, 1)	104.6
(0, 1, 2, 1, 0, 1, 2)	68.3
(0, 1, 2, 1, 0, 2, 0)	56.4
(0, 1, 2, 1, 0, 2, 1)	59.6
(0, 1, 2, 1, 0, 2, 2)	55.5
(0, 1, 2, 1, 1, 0, 0)	61.0
(0, 1, 2, 1, 1, 0, 1)	85.1
(0, 1, 2, 1, 1, 0, 2)	44.3
(0, 1, 2, 1, 1, 1, 0)	82.9
(0, 1, 2, 1, 1, 1, 1)	67.9
(0, 1, 2, 1, 1, 1, 2)	77.3
(0, 1, 2, 1, 1, 2, 0)	54.3
(0, 1, 2, 1, 1, 2, 1)	106.9
(0, 1, 2, 1, 1, 2, 2)	57.8
(0, 1, 2, 1, 2, 0, 0)	60.2
(0, 1, 2, 1, 2, 0, 1)	48.4
(0, 1, 2, 1, 2, 0, 2)	64.4
(0, 1, 2, 1, 2, 1, 0)	40.2
(0, 1, 2, 1, 2, 1, 1)	99.9
(0, 1, 2, 1, 2, 1, 2)	77.8
(0, 1, 2, 1, 2, 2, 0)	58.3
(0, 1, 2, 1, 2, 2, 1)	84.2
(0, 1, 2, 1, 2, 2, 2)	61.4
(0, 1, 2, 2, 0, 0, 0)	23.4
(0, 1, 2, 2, 0, 0, 1)	84.8
(0, 1, 2, 2, 0, 0, 2)	33.0
(0, 1, 2, 2, 0, 1, 0)	34.5
(0, 1, 2, 2, 0, 1, 1)	78.9
(0, 1, 2, 2, 0, 1, 2)	61.9
(0, 1, 2, 2, 0, 2, 0)	47.0
(0, 1, 2, 2, 0, 2, 1)	41.7
(0, 1, 2, 2, 0, 2, 2)	26.8
(0, 1, 2, 2, 1, 0, 0)	64.1
(0, 1, 2, 2, 1, 0, 1)	45.3
(0, 1, 2, 2, 1, 0, 2)	59.6
(0, 1, 2, 2, 1, 1, 0)	63.9
(0, 1, 2, 2, 1, 1, 1)	104.3
(0, 1, 2, 2, 1, 1, 2)	91.5
(0, 1, 2, 2, 1, 2, 0)	44.1
(0, 1, 2, 2, 1, 2, 1)	81.5
(0, 1, 2, 2, 1, 2, 2)	66.9
(0, 1, 2, 2, 2, 0, 0)	39.2
(0, 1, 2, 2, 2, 0, 1)	58.7
(0, 1, 2, 2, 2, 0, 2)	37.6
(0, 1, 2, 2, 2, 1, 0)	40.6
(0, 1, 2, 2, 2, 1, 1)	66.0
(0, 1, 2, 2, 2, 1, 2)	42.4
(0, 1, 2, 2, 2, 2, 0)	43.3
(0, 1, 2, 2, 2, 2, 1)	75.3
(0, 1, 2, 2, 2, 2, 2)	68.6
(0, 2, 0, 0, 0, 0, 0)	0.0
(0, 2, 0, 0, 0, 0, 1)	26.4
(0, 2, 0, 0, 0, 0, 2)	0.0
(0, 2, 0, 0, 0, 1, 0)	54.5
(0, 2, 0, 0, 0, 1, 1)	39.3
(0, 2, 0, 0, 0, 1, 2)	43.6
(0, 2, 0, 0, 0, 2, 0)	0.0
(0, 2, 0, 0, 0, 2, 1)	40.3
(0, 2, 0, 0, 0, 2, 2)	0.0
(0, 2, 0, 0, 1, 0, 0)	27.3
(0, 2, 0, 0, 1, 0, 1)	48.7
(0, 2, 0, 0, 1, 0, 2)	26.8
(0, 2, 0, 0, 1, 1, 0)	58.5
(0, 2, 0, 0, 1, 1, 1)	51.6
(0, 2, 0, 0, 1, 1, 2)	56.1
(0, 2, 0, 0, 1, 2, 0)	35.6
(0, 2, 0, 0, 1, 2, 1)	32.4
(0, 2, 0, 0, 1, 2, 2)	45.7
(0, 2, 0, 0, 2, 0, 0)	0.0
(0, 2, 0, 0, 2, 0, 1)	34.9
(0, 2, 0, 0, 2, 0, 2)	0.0
(0, 2, 0, 0, 2, 1, 0)	48.1
(0, 2, 0, 0, 2, 1, 1)	31.7
(0, 2, 0, 0, 2, 1, 2)	72.1
(0, 2, 0, 0, 2, 2, 0)	0.0
(0, 2, 0, 0, 2, 2, 1)	25.6
(0, 2, 0, 0, 2, 2, 2)	0.0
(0, 2, 0, 1, 0, 0, 0)	37.9
(0, 2, 0, 1, 0, 0, 1)	109.4
(0, 2, 0, 1, 0, 0, 2)	33.0
(0, 2, 0, 1, 0, 1, 0)	52.9
(0, 2, 0, 1, 0, 1, 1)	33.7
(0, 2, 0, 1, 0, 1, 2)	70.3
(0, 2, 0, 1, 0, 2, 0)	30.0
(0, 2, 0, 1, 0, 2, 1)	36.2
(0, 2, 0, 1, 0, 2, 2)	62.7
(0, 2, 0, 1, 1, 0, 0)	34.1
(0, 2, 0, 1, 1, 0, 1)	52.5
(0, 2, 0, 1, 1, 0, 2)	83.8
(0, 2, 0, 1, 1, 1, 0)	78.7
(0, 2, 0, 1, 1, 1, 1)	63.0
(0, 2, 0, 1, 1, 1, 2)	78.6
(0, 2, 0, 1, 1, 2, 0)	70.8
(0, 2, 0, 1, 1, 2, 1)	82.4
(0, 2, 0, 1, 1, 2, 2)	42.9
(0, 2, 0, 1, 2, 0, 0)	42.7
(0, 2, 0, 1, 2, 0, 1)	37.0
(0, 2, 0, 1, 2, 0, 2)	42.5
(0, 2, 0, 1, 2, 1, 0)	62.7
(0, 2, 0, 1, 2, 1, 1)	91.0
(0, 2, 0, 1, 2, 1, 2)	34.3
(0, 2, 0, 1, 2, 2, 0)	54.4
(0, 2, 0, 1, 2, 2, 1)	50.2
(0, 2, 0, 1, 2, 2, 2)	41.0
(0, 2, 0, 2, 0, 0, 0)	0.0
(0, 2, 0, 2, 0, 0, 1)	53.2
(0, 2, 0, 2, 0, 0, 2)	0.0
(0, 2, 0, 2, 0, 1, 0)	54.9
(0, 2, 0, 2, 0, 1, 1)	36.8
(0, 2, 0, 2, 0, 1, 2)	48.6
(0, 2, 0, 2, 0, 2, 0)	0.0
(0, 2, 0, 2, 0, 2, 1)	50.2
(0, 2, 0, 2, 0, 2, 2)	0.0
(0, 2, 0, 2, 1, 0, 0)	51.7
(0, 2, 0, 2, 1, 0, 1)	79.0
(0, 2, 0, 2, 1, 0, 2)	73.5
(0, 2, 0, 2, 1, 1, 0)	26.0
(0, 2, 0, 2, 1, 1, 1)	54.8
(0, 2, 0, 2, 1, 1, 2)	42.2
(0, 2, 0, 2, 1, 2, 0)	36.0
(0, 2, 0, 2, 1, 2, 1)	46.5
(0, 2, 0, 2, 1, 2, 2)	35.3
(0, 2, 0, 2, 2, 0, 0)	0.0
(0, 2, 0, 2, 2, 0, 1)	28.6
(0, 2, 0, 2, 2, 0, 2)	0.0
(0, 2, 0, 2, 2, 1, 0)	35.1
(0, 2, 0, 2, 2, 1, 1)	52.6
(0, 2, 0, 2, 2, 1, 2)	45.8
(0, 2, 0, 2, 2, 2, 0)	0.0
(0, 2, 0, 2, 2, 2, 1)	24.3
(0, 2, 0, 2, 2, 2, 2)	0.0
(0, 2, 1, 0, 0, 0, 0)	47.3
(0, 2, 1, 0, 0, 0, 1)	67.7
(0, 2, 1, 0, 0, 0, 2)	25.3
(0, 2, 1, 0, 0, 1, 0)	31.1
(0, 2, 1, 0, 0, 1, 1)	65.3
(0, 2, 1, 0, 0, 1, 2)	22.5
(0, 2, 1, 0, 0, 2, 0)	23.0
(0, 2, 1, 0, 0, 2, 1)	50.6
(0, 2, 1, 0, 0, 2, 2)	27.7
(0, 2, 1, 0, 1, 0, 0)	61.5
(0, 2, 1, 0, 1, 0, 1)	82.4
(0, 2, 1, 0, 1, 0, 2)	40.8
(0, 2, 1, 0, 1, 1, 0)	76.2
(0, 2, 1, 0, 1, 1, 1)	80.0
(0, 2, 1, 0, 1, 1, 2)	104.0
(0, 2, 1, 0, 1, 2, 0)	52.4
(0, 2, 1, 0, 1, 2, 1)	85.9
(0, 2, 1, 0, 1, 2, 2)	73.4
(0, 2, 1, 0, 2, 0, 0)	24.4
(0, 2, 1, 0, 2, 0, 1)	46.8
(0, 2, 1, 0, 2, 0, 2)	47.8
(0, 2, 1, 0, 2, 1, 0)	70.3
(0, 2, 1, 0, 2, 1, 1)	41.1
(0, 2, 1, 0, 2, 1, 2)	64.7
(0, 2, 1, 0, 2, 2, 0)	41.8
(0, 2, 1, 0, 2, 2, 1)	29.9
(0, 2, 1, 0, 2, 2, 2)	42.2
(0, 2, 1, 1, 0, 0, 0)	48.5
(0, 2, 1, 1, 0, 0, 1)	64.4
(0, 2, 1, 1, 0, 0, 2)	79.6
(0, 2, 1, 1, 0, 1, 0)	54.4
(0, 2, 1, 1, 0, 1, 1)	111.7
(0, 2, 1, 1, 0, 1, 2)	63.4
(0, 2, 1, 1, 0, 2, 0)	36.6
(0, 2, 1, 1, 0, 2, 1)	59.3
(0, 2, 1, 1, 0, 2, 2)	47.2
(0, 2, 1, 1, 1, 0, 0)	131.6
(0, 2, 1, 1, 1, 0, 1)	83.3
(0, 2, 1, 1, 1, 0, 2)	81.6
(0, 2, 1, 1, 1, 1, 0)	79.2
(0, 2, 1, 1, 1, 1, 1)	104.2
(0, 2, 1, 1, 1, 1, 2)	105.4
(0, 2, 1, 1, 1, 2, 0)	54.4
(0, 2, 1, 1, 1, 2, 1)	81.6
(0, 2, 1, 1, 1, 2, 2)	73.4
(0, 2, 1, 1, 2, 0, 0)	63.5
(0, 2, 1, 1, 2, 0, 1)	89.8
(0, 2, 1, 1, 2, 0, 2)	71.9
(0, 2, 1, 1, 2, 1, 0)	63.6
(0, 2, 1, 1, 2, 1, 1)	69.2
(0, 2, 1, 1, 2, 1, 2)	98.1
(0, 2, 1, 1, 2, 2, 0)	25.5
(0, 2, 1, 1, 2, 2, 1)	59.4
(0, 2, 1, 1, 2, 2, 2)	55.4
(0, 2, 1, 2, 0, 0, 0)	42.0
(0, 2, 1, 2, 0, 0, 1)	49.4
(0, 2, 1, 2, 0, 0, 2)	62.5
(0, 2, 1, 2, 0, 1, 0)	50.3
(0, 2, 1, 2, 0, 1, 1)	61.2
(0, 2, 1, 2, 0, 1, 2)	38.3
(0, 2, 1, 2, 0, 2, 0)	44.0
(0, 2, 1, 2, 0, 2, 1)	52.3
(0, 2, 1, 2, 0, 2, 2)	30.5
(0, 2, 1, 2, 1, 0, 0)	42.7
(0, 2, 1, 2, 1, 0, 1)	54.5
(0, 2, 1, 2, 1, 0, 2)	45.1
(0, 2, 1, 2, 1, 1, 0)	94.1
(0, 2, 1, 2, 1, 1, 1)	102.2
(0, 2, 1, 2, 1, 1, 2)	118.2
(0, 2, 1, 2, 1, 2, 0)	49.4
(0, 2, 1, 2, 1, 2, 1)	49.9
(0, 2, 1, 2, 1, 2, 2)	65.6
(0, 2, 1, 2, 2, 0, 0)	51.1
(0, 2, 1, 2, 2, 0, 1)	95.2
(0, 2, 1, 2, 2, 0, 2)	46.4
(0, 2, 1, 2, 2, 1, 0)	37.9
(0, 2, 1, 2, 2, 1, 1)	59.9
(0, 2, 1, 2, 2, 1, 2)	64.8
(0, 2, 1, 2, 2, 2, 0)	32.4
(0, 2, 1, 2, 2, 2, 1)	71.3
(0, 2, 1, 2, 2, 2, 2)	47.4
(0, 2, 2, 0, 0, 0, 0)	0.0
(0, 2, 2, 0, 0, 0, 1)	30.9
(0, 2, 2, 0, 0, 0, 2)	0.0
(0, 2, 2, 0, 0, 1, 0)	18.2
(0, 2, 2, 0, 0, 1, 1)	42.8
(0, 2, 2, 0, 0, 1, 2)	31.1
(0, 2, 2, 0, 0, 2, 0)	0.0
(0, 2, 2, 0, 0, 2, 1)	30.4
(0, 2, 2, 0, 0, 2, 2)	0.0
(0, 2, 2, 0, 1, 0, 0)	32.4
(0, 2, 2, 0, 1, 0, 1)	46.3
(0, 2, 2, 0, 1, 0, 2)	37.6
(0, 2, 2, 0, 1, 1, 0)	46.4
(0, 2, 2, 0, 1, 1, 1)	83.4
(0, 2, 2, 0, 1, 1, 2)	47.0
(0, 2, 2, 0, 1, 2, 0)	48.7
(0, 2, 2, 0, 1, 2, 1)	38.9
(0, 2, 2, 0, 1, 2, 2)	31.4
(0, 2, 2, 0, 2, 0, 0)	0.0
(0, 2, 2, 0, 2, 0, 1)	51.0
(0, 2, 2, 0, 2, 0, 2)	0.0
(0, 2, 2, 0, 2, 1, 0)	51.5
(0, 2, 2, 0, 2, 1, 1)	27.3
(0, 2, 2, 0, 2, 1, 2)	43.5
(0, 2, 2, 0, 2, 2, 0)	0.0
(0, 2, 2, 0, 2, 2, 1)	27.8
(0, 2, 2, 0, 2, 2, 2)	0.0
(0, 2, 2, 1, 0, 0, 0)	54.3
(0, 2, 2, 1, 0, 0, 1)	89.3
(0, 2, 2, 1, 0, 0, 2)	42.2
(0, 2, 2, 1, 0, 1, 0)	75.1
(0, 2, 2, 1, 0, 1, 1)	88.9
(0, 2, 2, 1, 0, 1, 2)	30.7
(0, 2, 2, 1, 0, 2, 0)	30.9
(0, 2, 2, 1, 0, 2, 1)	65.3
(0, 2, 2, 1, 0, 2, 2)	34.6
(0, 2, 2, 1, 1, 0, 0)	59.9
(0, 2, 2, 1, 1, 0, 1)	54.7
(0, 2, 2, 1, 1, 0, 2)	41.6
(0, 2, 2, 1, 1, 1, 0)	64.4
(0, 2, 2, 1, 1, 1, 1)	73.0
(0, 2, 2, 1, 1, 1, 2)	70.3
(0, 2, 2, 1, 1, 2, 0)	74.5
(0, 2, 2, 1, 1, 2, 1)	70.0
(0, 2, 2, 1, 1, 2, 2)	76.9
(0, 2, 2, 1, 2, 0, 0)	33.4
(0, 2, 2, 1, 2, 0, 1)	59.5
(0, 2, 2, 1, 2, 0, 2)	41.6
(0, 2, 2, 1, 2, 1, 0)	59.0
(0, 2, 2, 1, 2, 1, 1)	81.4
(0, 2, 2, 1, 2, 1, 2)	68.0
(0, 2, 2, 1, 2, 2, 0)	58.2
(0, 2, 2, 1, 2, 2, 1)	53.6
(0, 2, 2, 1, 2, 2, 2)	58.1
(0, 2, 2, 2, 0, 0, 0)	0.0
(0, 2, 2, 2, 0, 0, 1)	55.2
(0, 2, 2, 2, 0, 0, 2)	0.0
(0, 2, 2, 2, 0, 1, 0)	48.2
(0, 2, 2, 2, 0, 1, 1)	49.6
(0, 2, 2, 2, 0, 1, 2)	40.2
(0, 2, 2, 2, 0, 2, 0)	0.0
(0, 2, 2, 2, 0, 2, 1)	34.9
(0, 2, 2, 2, 0, 2, 2)	0.0
(0, 2, 2, 2, 1, 0, 0)	38.4
(0, 2, 2, 2, 1, 0, 1)	53.5
(0, 2, 2, 2, 1, 0, 2)	53.6
(0, 2, 2, 2, 1, 1, 0)	57.9
(0, 2, 2, 2, 1, 1, 1)	63.3
(0, 2, 2, 2, 1, 1, 2)	60.1
(0, 2, 2, 2, 1, 2, 0)	36.0
(0, 2, 2, 2, 1, 2, 1)	58.8
(0, 2, 2, 2, 1, 2, 2)	40.0
(0, 2, 2, 2, 2, 0, 0)	0.0
(0, 2, 2, 2, 2, 0, 1)	38.6
(0, 2, 2, 2, 2, 0, 2)	0.0
(0, 2, 2, 2, 2, 1, 0)	47.0
(0, 2, 2, 2, 2, 1, 1)	55.1
(0, 2, 2, 2, 2, 1, 2)	40.3
(0, 2, 2, 2, 2, 2, 0)	0.0
(0, 2, 2, 2, 2, 2, 1)	41.5
(0, 2, 2, 2, 2, 2, 2)	0.0
(1, 0, 0, 0, 0, 0, 0)	26.4
(1, 0, 0, 0, 0, 0, 1)	31.8
(1, 0, 0, 0, 0, 0, 2)	50.8
(1, 0, 0, 0, 0, 1, 0)	24.6
(1, 0, 0, 0, 0, 1, 1)	113.0
(1, 0, 0, 0, 0, 1, 2)	124.1
(1, 0, 0, 0, 0, 2, 0)	24.5
(1, 0, 0, 0, 0, 2, 1)	48.7
(1, 0, 0, 0, 0, 2, 2)	44.7
(1, 0, 0, 0, 1, 0, 0)	71.7
(1, 0, 0, 0, 1, 0, 1)	109.0
(1, 0, 0, 0, 1, 0, 2)	66.3
(1, 0, 0, 0, 1, 1, 0)	23.9
(1, 0, 0, 0, 1, 1, 1)	119.6
(1, 0, 0, 0, 1, 1, 2)	57.6
(1, 0, 0, 0, 1, 2, 0)	44.1
(1, 0, 0, 0, 1, 2, 1)	35.1
(1, 0, 0, 0, 1, 2, 2)	51.8
(1, 0, 0, 0, 2, 0, 0)	69.1
(1, 0, 0, 0, 2, 0, 1)	18.2
(1, 0, 0, 0, 2, 0, 2)	25.5
(1, 0, 0, 0, 2, 1, 0)	40.5
(1, 0, 0, 0, 2, 1, 1)	52.0
(1, 0, 0, 0, 2, 1, 2)	43.7
(1, 0, 0, 0, 2, 2, 0)	21.6
(1, 0, 0, 0, 2, 2, 1)	57.8
(1, 0, 0, 0, 2, 2, 2)	31.7
(1, 0, 0, 1, 0, 0, 0)	18.8
(1, 0, 0, 1, 0, 0, 1)	18.5
(1, 0, 0, 1, 0, 0, 2)	57.6
(1, 0, 0, 1, 0, 1, 0)	51.3
(1, 0, 0, 1, 0, 1, 1)	120.5
(1, 0, 0, 1, 0, 1, 2)	45.2
(1, 0, 0, 1, 0, 2, 0)	31.5
(1, 0, 0, 1, 0, 2, 1)	54.0
(1, 0, 0, 1, 0, 2, 2)	40.6
(1, 0, 0, 1, 1, 0, 0)	118.0
(1, 0, 0, 1, 1, 0, 1)	117.8
(1, 0, 0, 1, 1, 0, 2)	36.5
(1, 0, 0, 1, 1, 1, 0)	29.3
(1, 0, 0, 1, 1, 1, 1)	178.6
(1, 0, 0, 1, 1, 1, 2)	78.6
(1, 0, 0, 1, 1, 2, 0)	66.3
(1, 0, 0, 1, 1, 2, 1)	132.5
(1, 0, 0, 1, 1, 2, 2)	89.6
(1, 0, 0, 1, 2, 0, 0)	48.8
(1, 0, 0, 1, 2, 0, 1)	73.4
(1, 0, 0, 1, 2, 0, 2)	64.6
(1, 0, 0, 1, 2, 1, 0)	79.2
(1, 0, 0, 1, 2, 1, 1)	39.8
(1, 0, 0, 1, 2, 1, 2)	58.7
(1, 0, 0, 1, 2, 2, 0)	37.5
(1, 0, 0, 1, 2, 2, 1)	44.0
(1, 0, 0, 1, 2, 2, 2)	55.4
(1, 0, 0, 2, 0, 0, 0)	27.6
(1, 0, 0, 2, 0, 0, 1)	72.4
(1, 0, 0, 2, 0, 0, 2)	22.5
(1, 0, 0, 2, 0, 1, 0)	56.5
(1, 0, 0, 2, 0, 1, 1)	45.3
(1, 0, 0, 2, 0, 1, 2)	50.3
(1, 0, 0, 2, 0, 2, 0)	21.2
(1, 0, 0, 2, 0, 2, 1)	37.3
(1, 0, 0, 2, 0, 2, 2)	40.8
(1, 0, 0, 2, 1, 0, 0)	52.3
(1, 0, 0, 2, 1, 0, 1)	61.6
(1, 0, 0, 2, 1, 0, 2)	40.3
(1, 0, 0, 2, 1, 1, 0)	87.8
(1, 0, 0, 2, 1, 1, 1)	102.4
(1, 0, 0, 2, 1, 1, 2)	51.3
(1, 0, 0, 2, 1, 2, 0)	55.8
(1, 0, 0, 2, 1, 2, 1)	59.9
(1, 0, 0, 2, 1, 2, 2)	38.2
(1, 0, 0, 2, 2, 0, 0)	46.8
(1, 0, 0, 2, 2, 0, 1)	35.4
(1, 0, 0, 2, 2, 0, 2)	42.7
(1, 0, 0, 2, 2, 1, 0)	40.6
(1, 0, 0, 2, 2, 1, 1)	63.7
(1, 0, 0, 2, 2, 1, 2)	57.4
(1, 0, 0, 2, 2, 2, 0)	33.5
(1, 0, 0, 2, 2, 2, 1)	49.0
(1, 0, 0, 2, 2, 2, 2)	38.0
(1, 0, 1, 0, 0, 0, 0)	52.1
(1, 0, 1, 0, 0, 0, 1)	87.9
(1, 0, 1, 0, 0, 0, 2)	47.3
(1, 0, 1, 0, 0, 1, 0)	57.8
(1, 0, 1, 0, 0, 1, 1)	65.6
(1, 0, 1, 0, 0, 1, 2)	81.6
(1, 0, 1, 0, 0, 2, 0)	47.2
(1, 0, 1, 0, 0, 2, 1)	62.5
(1, 0, 1, 0, 0, 2, 2)	49.8
(1, 0, 1, 0, 1, 0, 0)	103.7
(1, 0, 1, 0, 1, 0, 1)	108.2
(1, 0, 1, 0, 1, 0, 2)	33.4
(1, 0, 1, 0, 1, 1, 0)	53.2
(1, 0, 1, 0, 1, 1, 1)	112.3
(1, 0, 1, 0, 1, 1, 2)	113.8
(1, 0, 1, 0, 1, 2, 0)	89.1
(1, 0, 1, 0, 1, 2, 1)	105.0
(1, 0, 1, 0, 1, 2, 2)	51.2
(1, 0, 1, 0, 2, 0, 0)	38.7
(1, 0, 1, 0, 2, 0, 1)	44.7
(1, 0, 1, 0, 2, 0, 2)	33.7
(1, 0, 1, 0, 2, 1, 0)	55.6
(1, 0, 1, 0, 2, 1, 1)	95.2
(1, 0, 1, 0, 2, 1, 2)	66.9
(1, 0, 1, 0, 2, 2, 0)	45.5
(1, 0, 1, 0, 2, 2, 1)	32.1
(1, 0, 1, 0, 2, 2, 2)	58.3
(1, 0, 1, 1, 0, 0, 0)	82.5
(1, 0, 1, 1, 0, 0, 1)	126.8
(1, 0, 1, 1, 0, 0, 2)	85.3
(1, 0, 1, 1, 0, 1, 0)	102.3
(1, 0, 1, 1, 0, 1, 1)	188.9
(1, 0, 1, 1, 0, 1, 2)	75.4
(1, 0, 1, 1, 0, 2, 0)	62.9
(1, 0, 1, 1, 0, 2, 1)	71.7
(1, 0, 1, 1, 0, 2, 2)	75.9
(1, 0, 1, 1, 1, 0, 0)	132.5
(1, 0, 1, 1, 1, 0, 1)	78.1
(1, 0, 1, 1, 1, 0, 2)	58.1
(1, 0, 1, 1, 1, 1, 0)	103.0
(1, 0, 1, 1, 1, 1, 1)	119.0
(1, 0, 1, 1, 1, 1, 2)	81.3
(1, 0, 1, 1, 1, 2, 0)	61.5
(1, 0, 1, 1, 1, 2, 1)	86.7
(1, 0, 1, 1, 1, 2, 2)	91.9
(1, 0, 1, 1, 2, 0, 0)	55.8
(1, 0, 1, 1, 2, 0, 1)	132.9
(1, 0, 1, 1, 2, 0, 2)	23.6
(1, 0, 1, 1, 2, 1, 0)	88.4
(1, 0, 1, 1, 2, 1, 1)	95.8
(1, 0, 1, 1, 2, 1, 2)	67.6
(1, 0, 1, 1, 2, 2, 0)	72.2
(1, 0, 1, 1, 2, 2, 1)	115.0
(1, 0, 1, 1, 2, 2, 2)	75.1
(1, 0, 1, 2, 0, 0, 0)	100.4
(1, 0, 1, 2, 0, 0, 1)	63.5
(1, 0, 1, 2, 0, 0, 2)	37.3
(1, 0, 1, 2, 0, 1, 0)	60.8
(1, 0, 1, 2, 0, 1, 1)	45.1
(1, 0, 1, 2, 0, 1, 2)	82.4
(1, 0, 1, 2, 0, 2, 0)	35.2
(1, 0, 1, 2, 0, 2, 1)	54.3
(1, 0, 1, 2, 0, 2, 2)	43.3
(1, 0, 1, 2, 1, 0, 0)	89.3
(1, 0, 1, 2, 1, 0, 1)	71.6
(1, 0, 1, 2, 1, 0, 2)	61.7
(1, 0, 1, 2, 1, 1, 0)	111.8
(1, 0, 1, 2, 1, 1, 1)	87.1
(1, 0, 1, 2, 1, 1, 2)	77.7
(1, 0, 1, 2, 1, 2, 0)	92.6
(1, 0, 1, 2, 1, 2, 1)	70.8
(1, 0, 1, 2, 1, 2, 2)	45.9
(1, 0, 1, 2, 2, 0, 0)	54.4
(1, 0, 1, 2, 2, 0, 1)	63.1
(1, 0, 1, 2, 2, 0, 2)	37.4
(1, 0, 1, 2, 2, 1, 0)	48.6
(1, 0, 1, 2, 2, 1, 1)	65.6
(1, 0, 1, 2, 2, 1, 2)	94.7
(1, 0, 1, 2, 2, 2, 0)	52.9
(1, 0, 1, 2, 2, 2, 1)	40.0
(1, 0, 1, 2, 2, 2, 2)	44.0
(1, 0, 2, 0, 0, 0, 0)	20.0
(1, 0, 2, 0, 0, 0, 1)	36.1
(1, 0, 2, 0, 0, 0, 2)	39.5
(1, 0, 2, 0, 0, 1, 0)	54.9
(1, 0, 2, 0, 0, 1, 1)	93.0
(1, 0, 2, 0, 0, 1, 2)	36.9
(1, 0, 2, 0, 0, 2, 0)	29.0
(1, 0, 2, 0, 0, 2, 1)	35.4
(1, 0, 2, 0, 0, 2, 2)	54.6
(1, 0, 2, 0, 1, 0, 0)	44.3
(1, 0, 2, 0, 1, 0, 1)	74.6
(1, 0, 2, 0, 1, 0, 2)	40.7
(1, 0, 2, 0, 1, 1, 0)	78.1
(1, 0, 2, 0, 1, 1, 1)	85.0
(1, 0, 2, 0, 1, 1, 2)	65.6
(1, 0, 2, 0, 1, 2, 0)	48.0
(1, 0, 2, 0, 1, 2, 1)	69.8
(1, 0, 2, 0, 1, 2, 2)	50.8
(1, 0, 2, 0, 2, 0, 0)	36.5
(1, 0, 2, 0, 2, 0, 1)	56.5
(1, 0, 2, 0, 2, 0, 2)	34.9
(1, 0, 2, 0, 2, 1, 0)	35.2
(1, 0, 2, 0, 2, 1, 1)	58.1
(1, 0, 2, 0, 2, 1, 2)	55.6
(1, 0, 2, 0, 2, 2, 0)	58.1
(1, 0, 2, 0, 2, 2, 1)	31.4
(1, 0, 2, 0, 2, 2, 2)	60.0
(1, 0, 2, 1, 0, 0, 0)	37.9
(1, 0, 2, 1, 0, 0, 1)	67.0
(1, 0, 2, 1, 0, 0, 2)	56.1
(1, 0, 2, 1, 0, 1, 0)	90.9
(1, 0, 2, 1, 0, 1, 1)	83.8
(1, 0, 2, 1, 0, 1, 2)	79.7
(1, 0, 2, 1, 0, 2, 0)	38.3
(1, 0, 2, 1, 0, 2, 1)	57.1
(1, 0, 2, 1, 0, 2, 2)	52.5
(1, 0, 2, 1, 1, 0, 0)	72.6
(1, 0, 2, 1, 1, 0, 1)	88.4
(1, 0, 2, 1, 1, 0, 2)	50.3
(1, 0, 2, 1, 1, 1, 0)	85.9
(1, 0, 2, 1, 1, 1, 1)	55.6
(1, 0, 2, 1, 1, 1, 2)	108.2
(1, 0, 2, 1, 1, 2, 0)	71.6
(1, 0, 2, 1, 1, 2, 1)	65.8
(1, 0, 2, 1, 1, 2, 2)	62.0
(1, 0, 2, 1, 2, 0, 0)	32.0
(1, 0, 2, 1, 2, 0, 1)	51.8
(1, 0, 2, 1, 2, 0, 2)	80.7
(1, 0, 2, 1, 2, 1, 0)	88.8
(1, 0, 2, 1, 2, 1, 1)	68.3
(1, 0, 2, 1, 2, 1, 2)	76.5
(1, 0, 2, 1, 2, 2, 0)	51.9
(1, 0, 2, 1, 2, 2, 1)	86.3
(1, 0, 2, 1, 2, 2, 2)	52.4
(1, 0, 2, 2, 0, 0, 0)	32.9
(1, 0, 2, 2, 0, 0, 1)	66.0
(1, 0, 2, 2, 0, 0, 2)	35.3
(1, 0, 2, 2, 0, 1, 0)	34.3
(1, 0, 2, 2, 0, 1, 1)	59.4
(1, 0, 2, 2, 0, 1, 2)	25.3
(1, 0, 2, 2, 0, 2, 0)	42.3
(1, 0, 2, 2, 0, 2, 1)	56.9
(1, 0, 2, 2, 0, 2, 2)	52.1
(1, 0, 2, 2, 1, 0, 0)	36.6
(1, 0, 2, 2, 1, 0, 1)	64.1
(1, 0, 2, 2, 1, 0, 2)	53.1
(1, 0, 2, 2, 1, 1, 0)	71.0
(1, 0, 2, 2, 1, 1, 1)	80.9
(1, 0, 2, 2, 1, 1, 2)	95.3
(1, 0, 2, 2, 1, 2, 0)	51.3
(1, 0, 2, 2, 1, 2, 1)	129.0
(1, 0, 2, 2, 1, 2, 2)	83.9
(1, 0, 2, 2, 2, 0, 0)	36.0
(1, 0, 2, 2, 2, 0, 1)	33.8
(1, 0, 2, 2, 2, 0, 2)	44.4
(1, 0, 2, 2, 2, 1, 0)	44.1
(1, 0, 2, 2, 2, 1, 1)	91.5
(1, 0, 2, 2, 2, 1, 2)	43.2
(1, 0, 2, 2, 2, 2, 0)	43.1
(1, 0, 2, 2, 2, 2, 1)	30.7
(1, 0, 2, 2, 2, 2, 2)	39.1
(1, 1, 0, 0, 0, 0, 0)	107.4
(1, 1, 0, 0, 0, 0, 1)	44.9
(1, 1, 0, 0, 0, 0, 2)	50.1
(1, 1, 0, 0, 0, 1, 0)	109.1
(1, 1, 0, 0, 0, 1, 1)	161.8
(1, 1, 0, 0, 0, 1, 2)	74.3
(1, 1, 0, 0, 0, 2, 0)	34.1
(1, 1, 0, 0, 0, 2, 1)	73.8
(1, 1, 0, 0, 0, 2, 2)	26.8
(1, 1, 0, 0, 1, 0, 0)	42.3
(1, 1, 0, 0, 1, 0, 1)	76.5
(1, 1, 0, 0, 1, 0, 2)	41.1
(1, 1, 0, 0, 1, 1, 0)	89.2
(1, 1, 0, 0, 1, 1, 1)	152.1
(1, 1, 0, 0, 1, 1, 2)	101.3
(1, 1, 0, 0, 1, 2, 0)	45.8
(1, 1, 0, 0, 1, 2, 1)	79.2
(1, 1, 0, 0, 1, 2, 2)	74.8
(1, 1, 0, 0, 2, 0, 0)	31.5
(1, 1, 0, 0, 2, 0, 1)	50.7
(1, 1, 0, 0, 2, 0, 2)	67.3
(1, 1, 0, 0, 2, 1, 0)	77.3
(1, 1, 0, 0, 2, 1, 1)	63.0
(1, 1, 0, 0, 2, 1, 2)	80.4
(1, 1, 0, 0, 2, 2, 0)	35.6
(1, 1, 0, 0, 2, 2, 1)	95.8
(1, 1, 0, 0, 2, 2, 2)	48.6
(1, 1, 0, 1, 0, 0, 0)	46.8
(1, 1, 0, 1, 0, 0, 1)	105.3
(1, 1, 0, 1, 0, 0, 2)	60.4
(1, 1, 0, 1, 0, 1, 0)	81.7
(1, 1, 0, 1, 0, 1, 1)	166.9
(1, 1, 0, 1, 0, 1, 2)	99.8
(1, 1, 0, 1, 0, 2, 0)	46.0
(1, 1, 0, 1, 0, 2, 1)	70.5
(1, 1, 0, 1, 0, 2, 2)	48.4
(1, 1, 0, 1, 1, 0, 0)	64.2
(1, 1, 0, 1, 1, 0, 1)	164.0
(1, 1, 0, 1, 1, 0, 2)	50.0
(1, 1, 0, 1, 1, 1, 0)	170.3
(1, 1, 0, 1, 1, 1, 1)	160.9
(1, 1, 0, 1, 1, 1, 2)	89.4
(1, 1, 0, 1, 1, 2, 0)	106.8
(1, 1, 0, 1, 1, 2, 1)	101.2
(1, 1, 0, 1, 1, 2, 2)	106.6
(1, 1, 0, 1, 2, 0, 0)	99.2
(1, 1, 0, 1, 2, 0, 1)	89.4
(1, 1, 0, 1, 2, 0, 2)	68.9
(1, 1, 0, 1, 2, 1, 0)	93.1
(1, 1, 0, 1, 2, 1, 1)	71.8
(1, 1, 0, 1, 2, 1, 2)	66.0
(1, 1, 0, 1, 2, 2, 0)	57.3
(1, 1, 0, 1, 2, 2, 1)	69.1
(1, 1, 0, 1, 2, 2, 2)	86.9
(1, 1, 0, 2, 0, 0, 0)	25.0
(1, 1, 0, 2, 0, 0, 1)	87.4
(1, 1, 0, 2, 0, 0, 2)	60.5
(1, 1, 0, 2, 0, 1, 0)	53.9
(1, 1, 0, 2, 0, 1, 1)	102.0
(1, 1, 0, 2, 0, 1, 2)	61.1
(1, 1, 0, 2, 0, 2, 0)	37.5
(1, 1, 0, 2, 0, 2, 1)	47.7
(1, 1, 0, 2, 0, 2, 2)	55.4
(1, 1, 0, 2, 1, 0, 0)	68.8
(1, 1, 0, 2, 1, 0, 1)	94.0
(1, 1, 0, 2, 1, 0, 2)	41.4
(1, 1, 0, 2, 1, 1, 0)	65.8
(1, 1, 0, 2, 1, 1, 1)	82.7
(1, 1, 0, 2, 1, 1, 2)	42.2
(1, 1, 0, 2, 1, 2, 0)	85.2
(1, 1, 0, 2, 1, 2, 1)	94.8
(1, 1, 0, 2, 1, 2, 2)	59.0
(1, 1, 0, 2, 2, 0, 0)	39.8
(1, 1, 0, 2, 2, 0, 1)	42.3
(1, 1, 0, 2, 2, 0, 2)	39.9
(1, 1, 0, 2, 2, 1, 0)	44.4
(1, 1, 0, 2, 2, 1, 1)	95.8
(1, 1, 0, 2, 2, 1, 2)	92.0
(1, 1, 0, 2, 2, 2, 0)	60.6
(1, 1, 0, 2, 2, 2, 1)	84.0
(1, 1, 0, 2, 2, 2, 2)	66.2
(1, 1, 1, 0, 0, 0, 0)	70.8
(1, 1, 1, 0, 0, 0, 1)	86.2
(1, 1, 1, 0, 0, 0, 2)	71.8
(1, 1, 1, 0, 0, 1, 0)	59.8
(1, 1, 1, 0, 0, 1, 1)	86.8
(1, 1, 1, 0, 0, 1, 2)	56.2
(1, 1, 1, 0, 0, 2, 0)	68.1
(1, 1, 1, 0, 0, 2, 1)	58.4
(1, 1, 1, 0, 0, 2, 2)	132.8
(1, 1, 1, 0, 1, 0, 0)	80.7
(1, 1, 1, 0, 1, 0, 1)	111.4
(1, 1, 1, 0, 1, 0, 2)	60.3
(1, 1, 1, 0, 1, 1, 0)	143.2
(1, 1, 1, 0, 1, 1, 1)	97.1
(1, 1, 1, 0, 1, 1, 2)	86.5
(1, 1, 1, 0, 1, 2, 0)	63.9
(1, 1, 1, 0, 1, 2, 1)	106.7
(1, 1, 1, 0, 1, 2, 2)	86.4
(1, 1, 1, 0, 2, 0, 0)	32.5
(1, 1, 1, 0, 2, 0, 1)	57.6
(1, 1, 1, 0, 2, 0, 2)	45.8
(1, 1, 1, 0, 2, 1, 0)	97.4
(1, 1, 1, 0, 2, 1, 1)	108.8
(1, 1, 1, 0, 2, 1, 2)	65.5
(1, 1, 1, 0, 2, 2, 0)	83.1
(1, 1, 1, 0, 2, 2, 1)	64.6
(1, 1, 1, 0, 2, 2, 2)	82.4
(1, 1, 1, 1, 0, 0, 0)	103.9
(1, 1, 1, 1, 0, 0, 1)	90.2
(1, 1, 1, 1, 0, 0, 2)	65.2
(1, 1, 1, 1, 0, 1, 0)	101.2
(1, 1, 1, 1, 0, 1, 1)	162.1
(1, 1, 1, 1, 0, 1, 2)	108.4
(1, 1, 1, 1, 0, 2, 0)	55.3
(1, 1, 1, 1, 0, 2, 1)	117.8
(1, 1, 1, 1, 0, 2, 2)	48.6
(1, 1, 1, 1, 1, 0, 0)	142.5
(1, 1, 1, 1, 1, 0, 1)	102.2
(1, 1, 1, 1, 1, 0, 2)	113.1
(1, 1, 1, 1, 1, 1, 0)	121.2
(1, 1, 1, 1, 1, 1, 1)	145.8
(1, 1, 1, 1, 1, 1, 2)	109.3
(1, 1, 1, 1, 1, 2, 0)	89.1
(1, 1, 1, 1, 1, 2, 1)	135.2
(1, 1, 1, 1, 1, 2, 2)	82.4
(1, 1, 1, 1, 2, 0, 0)	57.6
(1, 1, 1, 1, 2, 0, 1)	102.7
(1, 1, 1, 1, 2, 0, 2)	84.8
(1, 1, 1, 1, 2, 1, 0)	117.2
(1, 1, 1, 1, 2, 1, 1)	124.6
(1, 1, 1, 1, 2, 1, 2)	129.1
(1, 1, 1, 1, 2, 2, 0)	71.2
(1, 1, 1, 1, 2, 2, 1)	69.5
(1, 1, 1, 1, 2, 2, 2)	83.1
(1, 1, 1, 2, 0, 0, 0)	36.9
(1, 1, 1, 2, 0, 0, 1)	69.5
(1, 1, 1, 2, 0, 0, 2)	39.5
(1, 1, 1, 2, 0, 1, 0)	52.5
(1, 1, 1, 2, 0, 1, 1)	116.4
(1, 1, 1, 2, 0, 1, 2)	65.2
(1, 1, 1, 2, 0, 2, 0)	58.6
(1, 1, 1, 2, 0, 2, 1)	67.9
(1, 1, 1, 2, 0, 2, 2)	69.8
(1, 1, 1, 2, 1, 0, 0)	82.9
(1, 1, 1, 2, 1, 0, 1)	88.1
(1, 1, 1, 2, 1, 0, 2)	110.3
(1, 1, 1, 2, 1, 1, 0)	138.8
(1, 1, 1, 2, 1, 1, 1)	112.5
(1, 1, 1, 2, 1, 1, 2)	74.3
(1, 1, 1, 2, 1, 2, 0)	68.4
(1, 1, 1, 2, 1, 2, 1)	82.0
(1, 1, 1, 2, 1, 2, 2)	77.4
(1, 1, 1, 2, 2, 0, 0)	61.3
(1, 1, 1, 2, 2, 0, 1)	113.0
(1, 1, 1, 2, 2, 0, 2)	45.6
(1, 1, 1, 2, 2, 1, 0)	90.9
(1, 1, 1, 2, 2, 1, 1)	109.0
(1, 1, 1, 2, 2, 1, 2)	94.2
(1, 1, 1, 2, 2, 2, 0)	72.1
(1, 1, 1, 2, 2, 2, 1)	95.2
(1, 1, 1, 2, 2, 2, 2)	60.8
(1, 1, 2, 0, 0, 0, 0)	20.1
(1, 1, 2, 0, 0, 0, 1)	45.0
(1, 1, 2, 0, 0, 0, 2)	34.9
(1, 1, 2, 0, 0, 1, 0)	109.2
(1, 1, 2, 0, 0, 1, 1)	113.1
(1, 1, 2, 0, 0, 1, 2)	42.7
(1, 1, 2, 0, 0, 2, 0)	55.6
(1, 1, 2, 0, 0, 2, 1)	44.6
(1, 1, 2, 0, 0, 2, 2)	53.7
(1, 1, 2, 0, 1, 0, 0)	94.1
(1, 1, 2, 0, 1, 0, 1)	96.4
(1, 1, 2, 0, 1, 0, 2)	57.9
(1, 1, 2, 0, 1, 1, 0)	75.6
(1, 1, 2, 0, 1, 1, 1)	79.1
(1, 1, 2, 0, 1, 1, 2)	82.6
(1, 1, 2, 0, 1, 2, 0)	56.1
(1, 1, 2, 0, 1, 2, 1)	59.1
(1, 1, 2, 0, 1, 2, 2)	79.3
(1, 1, 2, 0, 2, 0, 0)	46.2
(1, 1, 2, 0, 2, 0, 1)	78.9
(1, 1, 2, 0, 2, 0, 2)	39.3
(1, 1, 2, 0, 2, 1, 0)	64.1
(1, 1, 2, 0, 2, 1, 1)	62.9
(1, 1, 2, 0, 2, 1, 2)	120.8
(1, 1, 2, 0, 2, 2, 0)	63.3
(1, 1, 2, 0, 2, 2, 1)	52.5
(1, 1, 2, 0, 2, 2, 2)	86.5
(1, 1, 2, 1, 0, 0, 0)	107.2
(1, 1, 2, 1, 0, 0, 1)	79.4
(1, 1, 2, 1, 0, 0, 2)	50.5
(1, 1, 2, 1, 0, 1, 0)	87.3
(1, 1, 2, 1, 0, 1, 1)	81.8
(1, 1, 2, 1, 0, 1, 2)	94.1
(1, 1, 2, 1, 0, 2, 0)	67.0
(1, 1, 2, 1, 0, 2, 1)	61.1
(1, 1, 2, 1, 0, 2, 2)	51.8
(1, 1, 2, 1, 1, 0, 0)	99.1
(1, 1, 2, 1, 1, 0, 1)	91.9
(1, 1, 2, 1, 1, 0, 2)	62.7
(1, 1, 2, 1, 1, 1, 0)	134.3
(1, 1, 2, 1, 1, 1, 1)	148.5
(1, 1, 2, 1, 1, 1, 2)	91.4
(1, 1, 2, 1, 1, 2, 0)	121.4
(1, 1, 2, 1, 1, 2, 1)	81.0
(1, 1, 2, 1, 1, 2, 2)	90.8
(1, 1, 2, 1, 2, 0, 0)	77.7
(1, 1, 2, 1, 2, 0, 1)	57.6
(1, 1, 2, 1, 2, 0, 2)	87.7
(1, 1, 2, 1, 2, 1, 0)	105.0
(1, 1, 2, 1, 2, 1, 1)	104.8
(1, 1, 2, 1, 2, 1, 2)	87.6
(1, 1, 2, 1, 2, 2, 0)	60.4
(1, 1, 2, 1, 2, 2, 1)	83.8
(1, 1, 2, 1, 2, 2, 2)	42.3
(1, 1, 2, 2, 0, 0, 0)	84.4
(1, 1, 2, 2, 0, 0, 1)	50.5
(1, 1, 2, 2, 0, 0, 2)	54.7
(1, 1, 2, 2, 0, 1, 0)	60.2
(1, 1, 2, 2, 0, 1, 1)	91.9
(1, 1, 2, 2, 0, 1, 2)	69.1
(1, 1, 2, 2, 0, 2, 0)	49.6
(1, 1, 2, 2, 0, 2, 1)	44.4
(1, 1, 2, 2, 0, 2, 2)	86.1
(1, 1, 2, 2, 1, 0, 0)	44.3
(1, 1, 2, 2, 1, 0, 1)	68.8
(1, 1, 2, 2, 1, 0, 2)	54.2
(1, 1, 2, 2, 1, 1, 0)	108.5
(1, 1, 2, 2, 1, 1, 1)	119.1
(1, 1, 2, 2, 1, 1, 2)	72.6
(1, 1, 2, 2, 1, 2, 0)	83.7
(1, 1, 2, 2, 1, 2, 1)	57.5
(1, 1, 2, 2, 1, 2, 2)	64.4
(1, 1, 2, 2, 2, 0, 0)	48.4
(1, 1, 2, 2, 2, 0, 1)	81.1
(1, 1, 2, 2, 2, 0, 2)	38.6
(1, 1, 2, 2, 2, 1, 0)	117.7
(1, 1, 2, 2, 2, 1, 1)	56.9
(1, 1, 2, 2, 2, 1, 2)	68.9
(1, 1, 2, 2, 2, 2, 0)	34.4
(1, 1, 2, 2, 2, 2, 1)	80.4
(1, 1, 2, 2, 2, 2, 2)	35.5
(1, 2, 0, 0, 0, 0, 0)	24.9
(1, 2, 0, 0, 0, 0, 1)	44.1
(1, 2, 0, 0, 0, 0, 2)	34.8
(1, 2, 0, 0, 0, 1, 0)	36.5
(1, 2, 0, 0, 0, 1, 1)	34.6
(1, 2, 0, 0, 0, 1, 2)	56.1
(1, 2, 0, 0, 0, 2, 0)	34.0
(1, 2, 0, 0, 0, 2, 1)	60.9
(1, 2, 0, 0, 0, 2, 2)	46.3
(1, 2, 0, 0, 1, 0, 0)	60.8
(1, 2, 0, 0, 1, 0, 1)	71.8
(1, 2, 0, 0, 1, 0, 2)	51.9
(1, 2, 0, 0, 1, 1, 0)	69.5
(1, 2, 0, 0, 1, 1, 1)	99.0
(1, 2, 0, 0, 1, 1, 2)	70.3
(1, 2, 0, 0, 1, 2, 0)	47.4
(1, 2, 0, 0, 1, 2, 1)	65.9
(1, 2, 0, 0, 1, 2, 2)	36.4
(1, 2, 0, 0, 2, 0, 0)	26.4
(1, 2, 0, 0, 2, 0, 1)	34.6
(1, 2, 0, 0, 2, 0, 2)	27.7
(1, 2, 0, 0, 2, 1, 0)	54.6
(1, 2, 0, 0, 2, 1, 1)	38.7
(1, 2, 0, 0, 2, 1, 2)	54.8
(1, 2, 0, 0, 2, 2, 0)	34.9
(1, 2, 0, 0, 2, 2, 1)	51.5
(1, 2, 0, 0, 2, 2, 2)	43.9
(1, 2, 0, 1, 0, 0, 0)	85.8
(1, 2, 0, 1, 0, 0, 1)	43.6
(1, 2, 0, 1, 0, 0, 2)	67.7
(1, 2, 0, 1, 0, 1, 0)	71.8
(1, 2, 0, 1, 0, 1, 1)	53.1
(1, 2, 0, 1, 0, 1, 2)	44.1
(1, 2, 0, 1, 0, 2, 0)	53.3
(1, 2, 0, 1, 0, 2, 1)	35.8
(1, 2, 0, 1, 0, 2, 2)	45.9
(1, 2, 0, 1, 1, 0, 0)	80.5
(1, 2, 0, 1, 1, 0, 1)	58.6
(1, 2, 0, 1, 1, 0, 2)	59.2
(1, 2, 0, 1, 1, 1, 0)	99.2
(1, 2, 0, 1, 1, 1, 1)	116.6
(1, 2, 0, 1, 1, 1, 2)	84.5
(1, 2, 0, 1, 1, 2, 0)	67.1
(1, 2, 0, 1, 1, 2, 1)	92.6
(1, 2, 0, 1, 1, 2, 2)	73.4
(1, 2, 0, 1, 2, 0, 0)	39.5
(1, 2, 0, 1, 2, 0, 1)	61.7
(1, 2, 0, 1, 2, 0, 2)	46.1
(1, 2, 0, 1, 2, 1, 0)	51.3
(1, 2, 0, 1, 2, 1, 1)	51.1
(1, 2, 0, 1, 2, 1, 2)	68.3
(1, 2, 0, 1, 2, 2, 0)	40.3
(1, 2, 0, 1, 2, 2, 1)	63.5
(1, 2, 0, 1, 2, 2, 2)	57.7
(1, 2, 0, 2, 0, 0, 0)	36.6
(1, 2, 0, 2, 0, 0, 1)	50.7
(1, 2, 0, 2, 0, 0, 2)	44.5
(1, 2, 0, 2, 0, 1, 0)	49.7
(1, 2, 0, 2, 0, 1, 1)	40.3
(1, 2, 0, 2, 0, 1, 2)	59.2
(1, 2, 0, 2, 0, 2, 0)	42.2
(1, 2, 0, 2, 0, 2, 1)	47.9
(1, 2, 0, 2, 0, 2, 2)	34.1
(1, 2, 0, 2, 1, 0, 0)	40.9
(1, 2, 0, 2, 1, 0, 1)	91.2
(1, 2, 0, 2, 1, 0, 2)	61.8
(1, 2, 0, 2, 1, 1, 0)	53.8
(1, 2, 0, 2, 1, 1, 1)	61.0
(1, 2, 0, 2, 1, 1, 2)	54.4
(1, 2, 0, 2, 1, 2, 0)	63.8
(1, 2, 0, 2, 1, 2, 1)	78.6
(1, 2, 0, 2, 1, 2, 2)	73.4
(1, 2, 0, 2, 2, 0, 0)	24.2
(1, 2, 0, 2, 2, 0, 1)	54.7
(1, 2, 0, 2, 2, 0, 2)	46.0
(1, 2, 0, 2, 2, 1, 0)	78.8
(1, 2, 0, 2, 2, 1, 1)	71.2
(1, 2, 0, 2, 2, 1, 2)	59.8
(1, 2, 0, 2, 2, 2, 0)	29.1
(1, 2, 0, 2, 2, 2, 1)	44.7
(1, 2, 0, 2, 2, 2, 2)	39.5
(1, 2, 1, 0, 0, 0, 0)	32.3
(1, 2, 1, 0, 0, 0, 1)	64.3
(1, 2, 1, 0, 0, 0, 2)	64.0
(1, 2, 1, 0, 0, 1, 0)	48.2
(1, 2, 1, 0, 0, 1, 1)	67.1
(1, 2, 1, 0, 0, 1, 2)	83.4
(1, 2, 1, 0, 0, 2, 0)	48.1
(1, 2, 1, 0, 0, 2, 1)	60.5
(1, 2, 1, 0, 0, 2, 2)	54.0
(1, 2, 1, 0, 1, 0, 0)	130.9
(1, 2, 1, 0, 1, 0, 1)	59.7
(1, 2, 1, 0, 1, 0, 2)	78.0
(1, 2, 1, 0, 1, 1, 0)	100.6
(1, 2, 1, 0, 1, 1, 1)	134.0
(1, 2, 1, 0, 1, 1, 2)	80.0
(1, 2, 1, 0, 1, 2, 0)	49.5
(1, 2, 1, 0, 1, 2, 1)	132.4
(1, 2, 1, 0, 1, 2, 2)	66.6
(1, 2, 1, 0, 2, 0, 0)	47.1
(1, 2, 1, 0, 2, 0, 1)	51.8
(1, 2, 1, 0, 2, 0, 2)	69.1
(1, 2, 1, 0, 2, 1, 0)	71.4
(1, 2, 1, 0, 2, 1, 1)	82.7
(1, 2, 1, 0, 2, 1, 2)	91.9
(1, 2, 1, 0, 2, 2, 0)	40.0
(1, 2, 1, 0, 2, 2, 1)	57.8
(1, 2, 1, 0, 2, 2, 2)	63.6
(1, 2, 1, 1, 0, 0, 0)	85.0
(1, 2, 1, 1, 0, 0, 1)	71.3
(1, 2, 1, 1, 0, 0, 2)	54.5
(1, 2, 1, 1, 0, 1, 0)	107.4
(1, 2, 1, 1, 0, 1, 1)	116.8
(1, 2, 1, 1, 0, 1, 2)	92.2
(1, 2, 1, 1, 0, 2, 0)	40.4
(1, 2, 1, 1, 0, 2, 1)	79.3
(1, 2, 1, 1, 0, 2, 2)	58.0
(1, 2, 1, 1, 1, 0, 0)	73.9
(1, 2, 1, 1, 1, 0, 1)	92.9
(1, 2, 1, 1, 1, 0, 2)	76.5
(1, 2, 1, 1, 1, 1, 0)	87.0
(1, 2, 1, 1, 1, 1, 1)	141.4
(1, 2, 1, 1, 1, 1, 2)	96.1
(1, 2, 1, 1, 1, 2, 0)	105.6
(1, 2, 1, 1, 1, 2, 1)	73.3
(1, 2, 1, 1, 1, 2, 2)	109.4
(1, 2, 1, 1, 2, 0, 0)	67.6
(1, 2, 1, 1, 2, 0, 1)	91.3
(1, 2, 1, 1, 2, 0, 2)	60.9
(1, 2, 1, 1, 2, 1, 0)	95.2
(1, 2, 1, 1, 2, 1, 1)	96.2
(1, 2, 1, 1, 2, 1, 2)	62.3
(1, 2, 1, 1, 2, 2, 0)	39.0
(1, 2, 1, 1, 2, 2, 1)	61.4
(1, 2, 1, 1, 2, 2, 2)	70.8
(1, 2, 1, 2, 0, 0, 0)	51.0
(1, 2, 1, 2, 0, 0, 1)	95.3
(1, 2, 1, 2, 0, 0, 2)	58.4
(1, 2, 1, 2, 0, 1, 0)	56.5
(1, 2, 1, 2, 0, 1, 1)	92.6
(1, 2, 1, 2, 0, 1, 2)	88.5
(1, 2, 1, 2, 0, 2, 0)	61.7
(1, 2, 1, 2, 0, 2, 1)	72.6
(1, 2, 1, 2, 0, 2, 2)	45.8
(1, 2, 1, 2, 1, 0, 0)	46.3
(1, 2, 1, 2, 1, 0, 1)	78.6
(1, 2, 1, 2, 1, 0, 2)	55.8
(1, 2, 1, 2, 1, 1, 0)	53.1
(1, 2, 1, 2, 1, 1, 1)	130.3
(1, 2, 1, 2, 1, 1, 2)	66.9
(1, 2, 1, 2, 1, 2, 0)	40.6
(1, 2, 1, 2, 1, 2, 1)	75.1
(1, 2, 1, 2, 1, 2, 2)	58.4
(1, 2, 1, 2, 2, 0, 0)	37.6
(1, 2, 1, 2, 2, 0, 1)	47.2
(1, 2, 1, 2, 2, 0, 2)	47.7
(1, 2, 1, 2, 2, 1, 0)	86.0
(1, 2, 1, 2, 2, 1, 1)	68.4
(1, 2, 1, 2, 2, 1, 2)	67.3
(1, 2, 1, 2, 2, 2, 0)	45.0
(1, 2, 1, 2, 2, 2, 1)	51.1
(1, 2, 1, 2, 2, 2, 2)	64.8
(1, 2, 2, 0, 0, 0, 0)	41.4
(1, 2, 2, 0, 0, 0, 1)	44.8
(1, 2, 2, 0, 0, 0, 2)	28.4
(1, 2, 2, 0, 0, 1, 0)	77.0
(1, 2, 2, 0, 0, 1, 1)	95.4
(1, 2, 2, 0, 0, 1, 2)	35.0
(1, 2, 2, 0, 0, 2, 0)	30.5
(1, 2, 2, 0, 0, 2, 1)	32.9
(1, 2, 2, 0, 0, 2, 2)	34.7
(1, 2, 2, 0, 1, 0, 0)	54.8
(1, 2, 2, 0, 1, 0, 1)	69.1
(1, 2, 2, 0, 1, 0, 2)	63.0
(1, 2, 2, 0, 1, 1, 0)	85.5
(1, 2, 2, 0, 1, 1, 1)	122.9
(1, 2, 2, 0, 1, 1, 2)	49.1
(1, 2, 2, 0, 1, 2, 0)	40.8
(1, 2, 2, 0, 1, 2, 1)	54.7
(1, 2, 2, 0, 1, 2, 2)	51.2
(1, 2, 2, 0, 2, 0, 0)	32.5
(1, 2, 2, 0, 2, 0, 1)	45.1
(1, 2, 2, 0, 2, 0, 2)	54.9
(1, 2, 2, 0, 2, 1, 0)	44.3
(1, 2, 2, 0, 2, 1, 1)	41.7
(1, 2, 2, 0, 2, 1, 2)	66.5
(1, 2, 2, 0, 2, 2, 0)	33.3
(1, 2, 2, 0, 2, 2, 1)	34.2
(1, 2, 2, 0, 2, 2, 2)	34.9
(1, 2, 2, 1, 0, 0, 0)	41.6
(1, 2, 2, 1, 0, 0, 1)	83.6
(1, 2, 2, 1, 0, 0, 2)	62.8
(1, 2, 2, 1, 0, 1, 0)	70.9
(1, 2, 2, 1, 0, 1, 1)	83.2
(1, 2, 2, 1, 0, 1, 2)	48.7
(1, 2, 2, 1, 0, 2, 0)	66.0
(1, 2, 2, 1, 0, 2, 1)	48.0
(1, 2, 2, 1, 0, 2, 2)	36.6
(1, 2, 2, 1, 1, 0, 0)	71.4
(1, 2, 2, 1, 1, 0, 1)	58.7
(1, 2, 2, 1, 1, 0, 2)	71.9
(1, 2, 2, 1, 1, 1, 0)	72.1
(1, 2, 2, 1, 1, 1, 1)	94.1
(1, 2, 2, 1, 1, 1, 2)	63.9
(1, 2, 2, 1, 1, 2, 0)	74.0
(1, 2, 2, 1, 1, 2, 1)	75.3
(1, 2, 2, 1, 1, 2, 2)	78.3
(1, 2, 2, 1, 2, 0, 0)	44.0
(1, 2, 2, 1, 2, 0, 1)	76.5
(1, 2, 2, 1, 2, 0, 2)	60.6
(1, 2, 2, 1, 2, 1, 0)	88.6
(1, 2, 2, 1, 2, 1, 1)	54.9
(1, 2, 2, 1, 2, 1, 2)	70.5
(1, 2, 2, 1, 2, 2, 0)	41.5
(1, 2, 2, 1, 2, 2, 1)	48.0
(1, 2, 2, 1, 2, 2, 2)	56.1
(1, 2, 2, 2, 0, 0, 0)	45.0
(1, 2, 2, 2, 0, 0, 1)	58.6
(1, 2, 2, 2, 0, 0, 2)	47.9
(1, 2, 2, 2, 0, 1, 0)	36.4
(1, 2, 2, 2, 0, 1, 1)	102.7
(1, 2, 2, 2, 0, 1, 2)	55.7
(1, 2, 2, 2, 0, 2, 0)	39.4
(1, 2, 2, 2, 0, 2, 1)	72.2
(1, 2, 2, 2, 0, 2, 2)	48.4
(1, 2, 2, 2, 1, 0, 0)	59.6
(1, 2, 2, 2, 1, 0, 1)	54.8
(1, 2, 2, 2, 1, 0, 2)	36.7
(1, 2, 2, 2, 1, 1, 0)	91.7
(1, 2, 2, 2, 1, 1, 1)	81.5
(1, 2, 2, 2, 1, 1, 2)	65.7
(1, 2, 2, 2, 1, 2, 0)	72.4
(1, 2, 2, 2, 1, 2, 1)	59.0
(1, 2, 2, 2, 1, 2, 2)	58.1
(1, 2, 2, 2, 2, 0, 0)	53.9
(1, 2, 2, 2, 2, 0, 1)	39.8
(1, 2, 2, 2, 2, 0, 2)	34.1
(1, 2, 2, 2, 2, 1, 0)	73.0
(1, 2, 2, 2, 2, 1, 1)	63.9
(1, 2, 2, 2, 2, 1, 2)	40.6
(1, 2, 2, 2, 2, 2, 0)	49.4
(1, 2, 2, 2, 2, 2, 1)	47.2
(1, 2, 2, 2, 2, 2, 2)	27.6
(2, 0, 0, 0, 0, 0, 0)	0.0
(2, 0, 0, 0, 0, 0, 1)	24.1
(2, 0, 0, 0, 0, 0, 2)	0.0
(2, 0, 0, 0, 0, 1, 0)	23.6
(2, 0, 0, 0, 0, 1, 1)	40.2
(2, 0, 0, 0, 0, 1, 2)	48.8
(2, 0, 0, 0, 0, 2, 0)	0.0
(2, 0, 0, 0, 0, 2, 1)	32.9
(2, 0, 0, 0, 0, 2, 2)	0.0
(2, 0, 0, 0, 1, 0, 0)	21.1
(2, 0, 0, 0, 1, 0, 1)	34.3
(2, 0, 0, 0, 1, 0, 2)	29.2
(2, 0, 0, 0, 1, 1, 0)	33.6
(2, 0, 0, 0, 1, 1, 1)	89.2
(2, 0, 0, 0, 1, 1, 2)	47.0
(2, 0, 0, 0, 1, 2, 0)	49.7
(2, 0, 0, 0, 1, 2, 1)	46.1
(2, 0, 0, 0, 1, 2, 2)	39.3
(2, 0, 0, 0, 2, 0, 0)	0.0
(2, 0, 0, 0, 2, 0, 1)	30.3
(2, 0, 0, 0, 2, 0, 2)	0.0
(2, 0, 0, 0, 2, 1, 0)	36.8
(2, 0, 0, 0, 2, 1, 1)	76.5
(2, 0, 0, 0, 2, 1, 2)	42.1
(2, 0, 0, 0, 2, 2, 0)	0.0
(2, 0, 0, 0, 2, 2, 1)	63.6
(2, 0, 0, 0, 2, 2, 2)	0.0
(2, 0, 0, 1, 0, 0, 0)	12.1
(2, 0, 0, 1, 0, 0, 1)	26.1
(2, 0, 0, 1, 0, 0, 2)	29.7
(2, 0, 0, 1, 0, 1, 0)	90.5
(2, 0, 0, 1, 0, 1, 1)	59.2
(2, 0, 0, 1, 0, 1, 2)	27.2
(2, 0, 0, 1, 0, 2, 0)	38.8
(2, 0, 0, 1, 0, 2, 1)	45.4
(2, 0, 0, 1, 0, 2, 2)	29.2
(2, 0, 0, 1, 1, 0, 0)	34.7
(2, 0, 0, 1, 1, 0, 1)	64.4
(2, 0, 0, 1, 1, 0, 2)	36.5
(2, 0, 0, 1, 1, 1, 0)	58.7
(2, 0, 0, 1, 1, 1, 1)	98.3
(2, 0, 0, 1, 1, 1, 2)	69.5
(2, 0, 0, 1, 1, 2, 0)	44.8
(2, 0, 0, 1, 1, 2, 1)	40.4
(2, 0, 0, 1, 1, 2, 2)	55.4
(2, 0, 0, 1, 2, 0, 0)	38.1
(2, 0, 0, 1, 2, 0, 1)	26.9
(2, 0, 0, 1, 2, 0, 2)	28.2
(2, 0, 0, 1, 2, 1, 0)	22.1
(2, 0, 0, 1, 2, 1, 1)	91.4
(2, 0, 0, 1, 2, 1, 2)	74.7
(2, 0, 0, 1, 2, 2, 0)	34.3
(2, 0, 0, 1, 2, 2, 1)	63.7
(2, 0, 0, 1, 2, 2, 2)	32.5
(2, 0, 0, 2, 0, 0, 0)	0.0
(2, 0, 0, 2, 0, 0, 1)	25.0
(2, 0, 0, 2, 0, 0, 2)	0.0
(2, 0, 0, 2, 0, 1, 0)	58.3
(2, 0, 0, 2, 0, 1, 1)	51.9
(2, 0, 0, 2, 0, 1, 2)	32.4
(2, 0, 0, 2, 0, 2, 0)	0.0
(2, 0, 0, 2, 0, 2, 1)	35.1
(2, 0, 0, 2, 0, 2, 2)	0.0
(2, 0, 0, 2, 1, 0, 0)	37.3
(2, 0, 0, 2, 1, 0, 1)	31.9
(2, 0, 0, 2, 1, 0, 2)	28.8
(2, 0, 0, 2, 1, 1, 0)	36.8
(2, 0, 0, 2, 1, 1, 1)	49.8
(2, 0, 0, 2, 1, 1, 2)	52.9
(2, 0, 0, 2, 1, 2, 0)	38.3
(2, 0, 0, 2, 1, 2, 1)	32.5
(2, 0, 0, 2, 1, 2, 2)	51.4
(2, 0, 0, 2, 2, 0, 0)	0.0
(2, 0, 0, 2, 2, 0, 1)	31.7
(2, 0, 0, 2, 2, 0, 2)	0.0
(2, 0, 0, 2, 2, 1, 0)	51.4
(2, 0, 0, 2, 2, 1, 1)	35.8
(2, 0, 0, 2, 2, 1, 2)	37.2
(2, 0, 0, 2, 2, 2, 0)	0.0
(2, 0, 0, 2, 2, 2, 1)	22.1
(2, 0, 0, 2, 2, 2, 2)	0.0
(2, 0, 1, 0, 0, 0, 0)	30.3
(2, 0, 1, 0, 0, 0, 1)	25.8
(2, 0, 1, 0, 0, 0, 2)	23.9
(2, 0, 1, 0, 0, 1, 0)	26.9
(2, 0, 1, 0, 0, 1, 1)	61.1
(2, 0, 1, 0, 0, 1, 2)	57.8
(2, 0, 1, 0, 0, 2, 0)	42.3
(2, 0, 1, 0, 0, 2, 1)	40.5
(2, 0, 1, 0, 0, 2, 2)	43.9
(2, 0, 1, 0, 1, 0, 0)	57.5
(2, 0, 1, 0, 1, 0, 1)	37.1
(2, 0, 1, 0, 1, 0, 2)	73.0
(2, 0, 1, 0, 1, 1, 0)	67.7
(2, 0, 1, 0, 1, 1, 1)	66.4
(2, 0, 1, 0, 1, 1, 2)	117.5
(2, 0, 1, 0, 1, 2, 0)	69.8
(2, 0, 1, 0, 1, 2, 1)	79.4
(2, 0, 1, 0, 1, 2, 2)	61.4
(2, 0, 1, 0, 2, 0, 0)	23.5
(2, 0, 1, 0, 2, 0, 1)	31.3
(2, 0, 1, 0, 2, 0, 2)	41.0
(2, 0, 1, 0, 2, 1, 0)	39.8
(2, 0, 1, 0, 2, 1, 1)	87.6
(2, 0, 1, 0, 2, 1, 2)	65.8
(2, 0, 1, 0, 2, 2, 0)	29.4
(2, 0, 1, 0, 2, 2, 1)	60.8
(2, 0, 1, 0, 2, 2, 2)	44.6
(2, 0, 1, 1, 0, 0, 0)	59.5
(2, 0, 1, 1, 0, 0, 1)	32.2
(2, 0, 1, 1, 0, 0, 2)	64.4
(2, 0, 1, 1, 0, 1, 0)	59.8
(2, 0, 1, 1, 0, 1, 1)	94.2
(2, 0, 1, 1, 0, 1, 2)	58.9
(2, 0, 1, 1, 0, 2, 0)	62.7
(2, 0, 1, 1, 0, 2, 1)	73.8
(2, 0, 1, 1, 0, 2, 2)	47.6
(2, 0, 1, 1, 1, 0, 0)	49.3
(2, 0, 1, 1, 1, 0, 1)	40.3
(2, 0, 1, 1, 1, 0, 2)	56.5
(2, 0, 1, 1, 1, 1, 0)	68.4
(2, 0, 1, 1, 1, 1, 1)	81.5
(2, 0, 1, 1, 1, 1, 2)	66.1
(2, 0, 1, 1, 1, 2, 0)	69.8
(2, 0, 1, 1, 1, 2, 1)	63.3
(2, 0, 1, 1, 1, 2, 2)	47.0
(2, 0, 1, 1, 2, 0, 0)	56.8
(2, 0, 1, 1, 2, 0, 1)	54.2
(2, 0, 1, 1, 2, 0, 2)	59.6
(2, 0, 1, 1, 2, 1, 0)	63.9
(2, 0, 1, 1, 2, 1, 1)	79.2
(2, 0, 1, 1, 2, 1, 2)	52.7
(2, 0, 1, 1, 2, 2, 0)	57.7
(2, 0, 1, 1, 2, 2, 1)	75.2
(2, 0, 1, 1, 2, 2, 2)	77.3
(2, 0, 1, 2, 0, 0, 0)	51.8
(2, 0, 1, 2, 0, 0, 1)	26.7
(2, 0, 1, 2, 0, 0, 2)	38.4
(2, 0, 1, 2, 0, 1, 0)	65.5
(2, 0, 1, 2, 0, 1, 1)	61.9
(2, 0, 1, 2, 0, 1, 2)	62.7
(2, 0, 1, 2, 0, 2, 0)	29.2
(2, 0, 1, 2, 0, 2, 1)	55.8
(2, 0, 1, 2, 0, 2, 2)	31.6
(2, 0, 1, 2, 1, 0, 0)	89.1
(2, 0, 1, 2, 1, 0, 1)	102.9
(2, 0, 1, 2, 1, 0, 2)	37.7
(2, 0, 1, 2, 1, 1, 0)	61.7
(2, 0, 1, 2, 1, 1, 1)	74.4
(2, 0, 1, 2, 1, 1, 2)	78.0
(2, 0, 1, 2, 1, 2, 0)	33.8
(2, 0, 1, 2, 1, 2, 1)	46.6
(2, 0, 1, 2, 1, 2, 2)	57.0
(2, 0, 1, 2, 2, 0, 0)	43.8
(2, 0, 1, 2, 2, 0, 1)	77.1
(2, 0, 1, 2, 2, 0, 2)	42.2
(2, 0, 1, 2, 2, 1, 0)	61.2
(2, 0, 1, 2, 2, 1, 1)	45.5
(2, 0, 1, 2, 2, 1, 2)	30.0
(2, 0, 1, 2, 2, 2, 0)	41.1
(2, 0, 1, 2, 2, 2, 1)	36.7
(2, 0, 1, 2, 2, 2, 2)	54.0
(2, 0, 2, 0, 0, 0, 0)	0.0
(2, 0, 2, 0, 0, 0, 1)	27.6
(2, 0, 2, 0, 0, 0, 2)	0.0
(2, 0, 2, 0, 0, 1, 0)	35.3
(2, 0, 2, 0, 0, 1, 1)	90.8
(2, 0, 2, 0, 0, 1, 2)	42.6
(2, 0, 2, 0, 0, 2, 0)	0.0
(2, 0, 2, 0, 0, 2, 1)	60.1
(2, 0, 2, 0, 0, 2, 2)	0.0
(2, 0, 2, 0, 1, 0, 0)	36.4
(2, 0, 2, 0, 1, 0, 1)	64.5
(2, 0, 2, 0, 1, 0, 2)	45.2
(2, 0, 2, 0, 1, 1, 0)	39.5
(2, 0, 2, 0, 1, 1, 1)	77.0
(2, 0, 2, 0, 1, 1, 2)	37.9
(2, 0, 2, 0, 1, 2, 0)	38.2
(2, 0, 2, 0, 1, 2, 1)	63.2
(2, 0, 2, 0, 1, 2, 2)	54.1
(2, 0, 2, 0, 2, 0, 0)	0.0
(2, 0, 2, 0, 2, 0, 1)	25.5
(2, 0, 2, 0, 2, 0, 2)	0.0
(2, 0, 2, 0, 2, 1, 0)	41.7
(2, 0, 2, 0, 2, 1, 1)	90.8
(2, 0, 2, 0, 2, 1, 2)	41.4
(2, 0, 2, 0, 2, 2, 0)	0.0
(2, 0, 2, 0, 2, 2, 1)	47.1
(2, 0, 2, 0, 2, 2, 2)	0.0
(2, 0, 2, 1, 0, 0, 0)	17.9
(2, 0, 2, 1, 0, 0, 1)	51.6
(2, 0, 2, 1, 0, 0, 2)	37.9
(2, 0, 2, 1, 0, 1, 0)	73.3
(2, 0, 2, 1, 0, 1, 1)	85.4
(2, 0, 2, 1, 0, 1, 2)	38.8
(2, 0, 2, 1, 0, 2, 0)	29.5
(2, 0, 2, 1, 0, 2, 1)	57.2
(2, 0, 2, 1, 0, 2, 2)	37.8
(2, 0, 2, 1, 1, 0, 0)	69.5
(2, 0, 2, 1, 1, 0, 1)	53.0
(2, 0, 2, 1, 1, 0, 2)	73.8
(2, 0, 2, 1, 1, 1, 0)	59.1
(2, 0, 2, 1, 1, 1, 1)	37.2
(2, 0, 2, 1, 1, 1, 2)	81.2
(2, 0, 2, 1, 1, 2, 0)	81.5
(2, 0, 2, 1, 1, 2, 1)	72.0
(2, 0, 2, 1, 1, 2, 2)	62.0
(2, 0, 2, 1, 2, 0, 0)	45.9
(2, 0, 2, 1, 2, 0, 1)	99.5
(2, 0, 2, 1, 2, 0, 2)	32.0
(2, 0, 2, 1, 2, 1, 0)	59.6
(2, 0, 2, 1, 2, 1, 1)	89.5
(2, 0, 2, 1, 2, 1, 2)	38.5
(2, 0, 2, 1, 2, 2, 0)	30.9
(2, 0, 2, 1, 2, 2, 1)	66.1
(2, 0, 2, 1, 2, 2, 2)	48.7
(2, 0, 2, 2, 0, 0, 0)	0.0
(2, 0, 2, 2, 0, 0, 1)	29.8
(2, 0, 2, 2, 0, 0, 2)	0.0
(2, 0, 2, 2, 0, 1, 0)	39.6
(2, 0, 2, 2, 0, 1, 1)	27.2
(2, 0, 2, 2, 0, 1, 2)	37.1
(2, 0, 2, 2, 0, 2, 0)	0.0
(2, 0, 2, 2, 0, 2, 1)	32.1
(2, 0, 2, 2, 0, 2, 2)	0.0
(2, 0, 2, 2, 1, 0, 0)	25.7
(2, 0, 2, 2, 1, 0, 1)	36.5
(2, 0, 2, 2, 1, 0, 2)	28.0
(2, 0, 2, 2, 1, 1, 0)	39.7
(2, 0, 2, 2, 1, 1, 1)	36.5
(2, 0, 2, 2, 1, 1, 2)	44.8
(2, 0, 2, 2, 1, 2, 0)	53.0
(2, 0, 2, 2, 1, 2, 1)	33.1
(2, 0, 2, 2, 1, 2, 2)	30.5
(2, 0, 2, 2, 2, 0, 0)	0.0
(2, 0, 2, 2, 2, 0, 1)	45.0
(2, 0, 2, 2, 2, 0, 2)	0.0
(2, 0, 2, 2, 2, 1, 0)	42.9
(2, 0, 2, 2, 2, 1, 1)	83.7
(2, 0, 2, 2, 2, 1, 2)	27.4
(2, 0, 2, 2, 2, 2, 0)	0.0
(2, 0, 2, 2, 2, 2, 1)	50.7
(2, 0, 2, 2, 2, 2, 2)	0.0
(2, 1, 0, 0, 0, 0, 0)	44.7
(2, 1, 0, 0, 0, 0, 1)	48.8
(2, 1, 0, 0, 0, 0, 2)	60.1
(2, 1, 0, 0, 0, 1, 0)	45.6
(2, 1, 0, 0, 0, 1, 1)	48.1
(2, 1, 0, 0, 0, 1, 2)	58.8
(2, 1, 0, 0, 0, 2, 0)	45.1
(2, 1, 0, 0, 0, 2, 1)	49.7
(2, 1, 0, 0, 0, 2, 2)	65.3
(2, 1, 0, 0, 1, 0, 0)	66.3
(2, 1, 0, 0, 1, 0, 1)	84.3
(2, 1, 0, 0, 1, 0, 2)	49.2
(2, 1, 0, 0, 1, 1, 0)	67.2
(2, 1, 0, 0, 1, 1, 1)	103.7
(2, 1, 0, 0, 1, 1, 2)	81.6
(2, 1, 0, 0, 1, 2, 0)	24.3
(2, 1, 0, 0, 1, 2, 1)	96.9
(2, 1, 0, 0, 1, 2, 2)	60.4
(2, 1, 0, 0, 2, 0, 0)	43.1
(2, 1, 0, 0, 2, 0, 1)	33.5
(2, 1, 0, 0, 2, 0, 2)	28.4
(2, 1, 0, 0, 2, 1, 0)	38.2
(2, 1, 0, 0, 2, 1, 1)	39.4
(2, 1, 0, 0, 2, 1, 2)	69.2
(2, 1, 0, 0, 2, 2, 0)	43.5
(2, 1, 0, 0, 2, 2, 1)	47.1
(2, 1, 0, 0, 2, 2, 2)	42.1
(2, 1, 0, 1, 0, 0, 0)	35.1
(2, 1, 0, 1, 0, 0, 1)	62.5
(2, 1, 0, 1, 0, 0, 2)	41.3
(2, 1, 0, 1, 0, 1, 0)	43.2
(2, 1, 0, 1, 0, 1, 1)	70.7
(2, 1, 0, 1, 0, 1, 2)	67.7
(2, 1, 0, 1, 0, 2, 0)	51.1
(2, 1, 0, 1, 0, 2, 1)	66.3
(2, 1, 0, 1, 0, 2, 2)	59.7
(2, 1, 0, 1, 1, 0, 0)	53.7
(2, 1, 0, 1, 1, 0, 1)	81.4
(2, 1, 0, 1, 1, 0, 2)	81.6
(2, 1, 0, 1, 1, 1, 0)	89.2
(2, 1, 0, 1, 1, 1, 1)	118.3
(2, 1, 0, 1, 1, 1, 2)	96.5
(2, 1, 0, 1, 1, 2, 0)	54.8
(2, 1, 0, 1, 1, 2, 1)	70.0
(2, 1, 0, 1, 1, 2, 2)	81.8
(2, 1, 0, 1, 2, 0, 0)	49.4
(2, 1, 0, 1, 2, 0, 1)	67.7
(2, 1, 0, 1, 2, 0, 2)	55.5
(2, 1, 0, 1, 2, 1, 0)	65.8
(2, 1, 0, 1, 2, 1, 1)	95.1
(2, 1, 0, 1, 2, 1, 2)	62.4
(2, 1, 0, 1, 2, 2, 0)	47.2
(2, 1, 0, 1, 2, 2, 1)	61.2
(2, 1, 0, 1, 2, 2, 2)	52.0
(2, 1, 0, 2, 0, 0, 0)	39.6
(2, 1, 0, 2, 0, 0, 1)	37.5
(2, 1, 0, 2, 0, 0, 2)	54.6
(2, 1, 0, 2, 0, 1, 0)	51.7
(2, 1, 0, 2, 0, 1, 1)	81.8
(2, 1, 0, 2, 0, 1, 2)	42.7
(2, 1, 0, 2, 0, 2, 0)	25.4
(2, 1, 0, 2, 0, 2, 1)	60.6
(2, 1, 0, 2, 0, 2, 2)	30.5
(2, 1, 0, 2, 1, 0, 0)	57.1
(2, 1, 0, 2, 1, 0, 1)	55.5
(2, 1, 0, 2, 1, 0, 2)	45.0
(2, 1, 0, 2, 1, 1, 0)	98.4
(2, 1, 0, 2, 1, 1, 1)	87.4
(2, 1, 0, 2, 1, 1, 2)	46.6
(2, 1, 0, 2, 1, 2, 0)	40.3
(2, 1, 0, 2, 1, 2, 1)	77.7
(2, 1, 0, 2, 1, 2, 2)	69.5
(2, 1, 0, 2, 2, 0, 0)	27.7
(2, 1, 0, 2, 2, 0, 1)	50.8
(2, 1, 0, 2, 2, 0, 2)	47.3
(2, 1, 0, 2, 2, 1, 0)	60.7
(2, 1, 0, 2, 2, 1, 1)	88.8
(2, 1, 0, 2, 2, 1, 2)	39.1
(2, 1, 0, 2, 2, 2, 0)	49.1
(2, 1, 0, 2, 2, 2, 1)	28.4
(2, 1, 0, 2, 2, 2, 2)	48.5
(2, 1, 1, 0, 0, 0, 0)	59.8
(2, 1, 1, 0, 0, 0, 1)	83.3
(2, 1, 1, 0, 0, 0, 2)	30.1
(2, 1, 1, 0, 0, 1, 0)	36.6
(2, 1, 1, 0, 0, 1, 1)	53.6
(2, 1, 1, 0, 0, 1, 2)	92.8
(2, 1, 1, 0, 0, 2, 0)	25.8
(2, 1, 1, 0, 0, 2, 1)	81.4
(2, 1, 1, 0, 0, 2, 2)	66.4
(2, 1, 1, 0, 1, 0, 0)	57.7
(2, 1, 1, 0, 1, 0, 1)	64.1
(2, 1, 1, 0, 1, 0, 2)	74.7
(2, 1, 1, 0, 1, 1, 0)	64.0
(2, 1, 1, 0, 1, 1, 1)	167.0
(2, 1, 1, 0, 1, 1, 2)	105.7
(2, 1, 1, 0, 1, 2, 0)	65.3
(2, 1, 1, 0, 1, 2, 1)	75.7
(2, 1, 1, 0, 1, 2, 2)	91.4
(2, 1, 1, 0, 2, 0, 0)	37.0
(2, 1, 1, 0, 2, 0, 1)	39.8
(2, 1, 1, 0, 2, 0, 2)	47.4
(2, 1, 1, 0, 2, 1, 0)	45.2
(2, 1, 1, 0, 2, 1, 1)	75.4
(2, 1, 1, 0, 2, 1, 2)	77.7
(2, 1, 1, 0, 2, 2, 0)	51.0
(2, 1, 1, 0, 2, 2, 1)	65.7
(2, 1, 1, 0, 2, 2, 2)	53.2
(2, 1, 1, 1, 0, 0, 0)	72.1
(2, 1, 1, 1, 0, 0, 1)	83.8
(2, 1, 1, 1, 0, 0, 2)	107.3
(2, 1, 1, 1, 0, 1, 0)	133.2
(2, 1, 1, 1, 0, 1, 1)	103.9
(2, 1, 1, 1, 0, 1, 2)	44.5
(2, 1, 1, 1, 0, 2, 0)	51.2
(2, 1, 1, 1, 0, 2, 1)	62.0
(2, 1, 1, 1, 0, 2, 2)	70.8
(2, 1, 1, 1, 1, 0, 0)	106.0
(2, 1, 1, 1, 1, 0, 1)	109.7
(2, 1, 1, 1, 1, 0, 2)	119.2
(2, 1, 1, 1, 1, 1, 0)	128.5
(2, 1, 1, 1, 1, 1, 1)	151.6
(2, 1, 1, 1, 1, 1, 2)	72.2
(2, 1, 1, 1, 1, 2, 0)	78.4
(2, 1, 1, 1, 1, 2, 1)	78.3
(2, 1, 1, 1, 1, 2, 2)	53.4
(2, 1, 1, 1, 2, 0, 0)	58.4
(2, 1, 1, 1, 2, 0, 1)	102.1
(2, 1, 1, 1, 2, 0, 2)	60.5
(2, 1, 1, 1, 2, 1, 0)	53.5
(2, 1, 1, 1, 2, 1, 1)	73.0
(2, 1, 1, 1, 2, 1, 2)	116.0
(2, 1, 1, 1, 2, 2, 0)	55.9
(2, 1, 1, 1, 2, 2, 1)	54.8
(2, 1, 1, 1, 2, 2, 2)	83.6
(2, 1, 1, 2, 0, 0, 0)	53.6
(2, 1, 1, 2, 0, 0, 1)	53.1
(2, 1, 1, 2, 0, 0, 2)	40.2
(2, 1, 1, 2, 0, 1, 0)	49.7
(2, 1, 1, 2, 0, 1, 1)	80.5
(2, 1, 1, 2, 0, 1, 2)	110.6
(2, 1, 1, 2, 0, 2, 0)	75.0
(2, 1, 1, 2, 0, 2, 1)	60.1
(2, 1, 1, 2, 0, 2, 2)	84.6
(2, 1, 1, 2, 1, 0, 0)	61.3
(2, 1, 1, 2, 1, 0, 1)	102.2
(2, 1, 1, 2, 1, 0, 2)	33.7
(2, 1, 1, 2, 1, 1, 0)	63.1
(2, 1, 1, 2, 1, 1, 1)	80.7
(2, 1, 1, 2, 1, 1, 2)	102.5
(2, 1, 1, 2, 1, 2, 0)	54.0
(2, 1, 1, 2, 1, 2, 1)	61.7
(2, 1, 1, 2, 1, 2, 2)	49.5
(2, 1, 1, 2, 2, 0, 0)	29.8
(2, 1, 1, 2, 2, 0, 1)	46.1
(2, 1, 1, 2, 2, 0, 2)	69.1
(2, 1, 1, 2, 2, 1, 0)	51.2
(2, 1, 1, 2, 2, 1, 1)	64.9
(2, 1, 1, 2, 2, 1, 2)	64.4
(2, 1, 1, 2, 2, 2, 0)	48.7
(2, 1, 1, 2, 2, 2, 1)	46.9
(2, 1, 1, 2, 2, 2, 2)	37.0
(2, 1, 2, 0, 0, 0, 0)	21.5
(2, 1, 2, 0, 0, 0, 1)	30.5
(2, 1, 2, 0, 0, 0, 2)	26.0
(2, 1, 2, 0, 0, 1, 0)	93.0
(2, 1, 2, 0, 0, 1, 1)	92.5
(2, 1, 2, 0, 0, 1, 2)	47.9
(2, 1, 2, 0, 0, 2, 0)	45.1
(2, 1, 2, 0, 0, 2, 1)	50.7
(2, 1, 2, 0, 0, 2, 2)	38.6
(2, 1, 2, 0, 1, 0, 0)	41.9
(2, 1, 2, 0, 1, 0, 1)	42.1
(2, 1, 2, 0, 1, 0, 2)	53.0
(2, 1, 2, 0, 1, 1, 0)	46.3
(2, 1, 2, 0, 1, 1, 1)	75.5
(2, 1, 2, 0, 1, 1, 2)	36.4
(2, 1, 2, 0, 1, 2, 0)	70.0
(2, 1, 2, 0, 1, 2, 1)	113.8
(2, 1, 2, 0, 1, 2, 2)	48.3
(2, 1, 2, 0, 2, 0, 0)	40.3
(2, 1, 2, 0, 2, 0, 1)	59.3
(2, 1, 2, 0, 2, 0, 2)	28.7
(2, 1, 2, 0, 2, 1, 0)	56.0
(2, 1, 2, 0, 2, 1, 1)	62.8
(2, 1, 2, 0, 2, 1, 2)	66.4
(2, 1, 2, 0, 2, 2, 0)	39.9
(2, 1, 2, 0, 2, 2, 1)	30.8
(2, 1, 2, 0, 2, 2, 2)	39.1
(2, 1, 2, 1, 0, 0, 0)	72.1
(2, 1, 2, 1, 0, 0, 1)	67.7
(2, 1, 2, 1, 0, 0, 2)	54.3
(2, 1, 2, 1, 0, 1, 0)	82.1
(2, 1, 2, 1, 0, 1, 1)	52.7
(2, 1, 2, 1, 0, 1, 2)	63.0
(2, 1, 2, 1, 0, 2, 0)	39.4
(2, 1, 2, 1, 0, 2, 1)	78.1
(2, 1, 2, 1, 0, 2, 2)	36.9
(2, 1, 2, 1, 1, 0, 0)	70.2
(2, 1, 2, 1, 1, 0, 1)	103.7
(2, 1, 2, 1, 1, 0, 2)	86.5
(2, 1, 2, 1, 1, 1, 0)	47.8
(2, 1, 2, 1, 1, 1, 1)	85.9
(2, 1, 2, 1, 1, 1, 2)	93.9
(2, 1, 2, 1, 1, 2, 0)	54.6
(2, 1, 2, 1, 1, 2, 1)	51.1
(2, 1, 2, 1, 1, 2, 2)	64.7
(2, 1, 2, 1, 2, 0, 0)	53.3
(2, 1, 2, 1, 2, 0, 1)	91.3
(2, 1, 2, 1, 2, 0, 2)	68.2
(2, 1, 2, 1, 2, 1, 0)	53.4
(2, 1, 2, 1, 2, 1, 1)	69.2
(2, 1, 2, 1, 2, 1, 2)	91.3
(2, 1, 2, 1, 2, 2, 0)	67.2
(2, 1, 2, 1, 2, 2, 1)	77.0
(2, 1, 2, 1, 2, 2, 2)	65.1
(2, 1, 2, 2, 0, 0, 0)	32.0
(2, 1, 2, 2, 0, 0, 1)	38.2
(2, 1, 2, 2, 0, 0, 2)	33.3
(2, 1, 2, 2, 0, 1, 0)	39.2
(2, 1, 2, 2, 0, 1, 1)	56.9
(2, 1, 2, 2, 0, 1, 2)	76.7
(2, 1, 2, 2, 0, 2, 0)	46.2
(2, 1, 2, 2, 0, 2, 1)	53.7
(2, 1, 2, 2, 0, 2, 2)	38.4
(2, 1, 2, 2, 1, 0, 0)	47.8
(2, 1, 2, 2, 1, 0, 1)	61.6
(2, 1, 2, 2, 1, 0, 2)	48.4
(2, 1, 2, 2, 1, 1, 0)	88.5
(2, 1, 2, 2, 1, 1, 1)	77.2
(2, 1, 2, 2, 1, 1, 2)	69.8
(2, 1, 2, 2, 1, 2, 0)	65.8
(2, 1, 2, 2, 1, 2, 1)	46.4
(2, 1, 2, 2, 1, 2, 2)	60.4
(2, 1, 2, 2, 2, 0, 0)	50.6
(2, 1, 2, 2, 2, 0, 1)	59.4
(2, 1, 2, 2, 2, 0, 2)	42.1
(2, 1, 2, 2, 2, 1, 0)	80.9
(2, 1, 2, 2, 2, 1, 1)	78.0
(2, 1, 2, 2, 2, 1, 2)	59.9
(2, 1, 2, 2, 2, 2, 0)	37.5
(2, 1, 2, 2, 2, 2, 1)	68.1
(2, 1, 2, 2, 2, 2, 2)	41.7
(2, 2, 0, 0, 0, 0, 0)	0.0
(2, 2, 0, 0, 0, 0, 1)	37.5
(2, 2, 0, 0, 0, 0, 2)	0.0
(2, 2, 0, 0, 0, 1, 0)	34.7
(2, 2, 0, 0, 0, 1, 1)	66.8
(2, 2, 0, 0, 0, 1, 2)	40.1
(2, 2, 0, 0, 0, 2, 0)	0.0
(2, 2, 0, 0, 0, 2, 1)	24.8
(2, 2, 0, 0, 0, 2, 2)	0.0
(2, 2, 0, 0, 1, 0, 0)	36.0
(2, 2, 0, 0, 1, 0, 1)	33.2
(2, 2, 0, 0, 1, 0, 2)	27.3
(2, 2, 0, 0, 1, 1, 0)	33.3
(2, 2, 0, 0, 1, 1, 1)	42.3
(2, 2, 0, 0, 1, 1, 2)	27.5
(2, 2, 0, 0, 1, 2, 0)	56.6
(2, 2, 0, 0, 1, 2, 1)	73.6
(2, 2, 0, 0, 1, 2, 2)	50.5
(2, 2, 0, 0, 2, 0, 0)	0.0
(2, 2, 0, 0, 2, 0, 1)	31.4
(2, 2, 0, 0, 2, 0, 2)	0.0
(2, 2, 0, 0, 2, 1, 0)	52.7
(2, 2, 0, 0, 2, 1, 1)	58.4
(2, 2, 0, 0, 2, 1, 2)	47.0
(2, 2, 0, 0, 2, 2, 0)	0.0
(2, 2, 0, 0, 2, 2, 1)	70.4
(2, 2, 0, 0, 2, 2, 2)	0.0
(2, 2, 0, 1, 0, 0, 0)	36.5
(2, 2, 0, 1, 0, 0, 1)	67.8
(2, 2, 0, 1, 0, 0, 2)	58.3
(2, 2, 0, 1, 0, 1, 0)	46.7
(2, 2, 0, 1, 0, 1, 1)	92.1
(2, 2, 0, 1, 0, 1, 2)	25.1
(2, 2, 0, 1, 0, 2, 0)	44.9
(2, 2, 0, 1, 0, 2, 1)	30.0
(2, 2, 0, 1, 0, 2, 2)	41.4
(2, 2, 0, 1, 1, 0, 0)	37.3
(2, 2, 0, 1, 1, 0, 1)	66.1
(2, 2, 0, 1, 1, 0, 2)	40.6
(2, 2, 0, 1, 1, 1, 0)	75.5
(2, 2, 0, 1, 1, 1, 1)	74.0
(2, 2, 0, 1, 1, 1, 2)	60.4
(2, 2, 0, 1, 1, 2, 0)	52.2
(2, 2, 0, 1, 1, 2, 1)	58.9
(2, 2, 0, 1, 1, 2, 2)	55.2
(2, 2, 0, 1, 2, 0, 0)	54.6
(2, 2, 0, 1, 2, 0, 1)	77.9
(2, 2, 0, 1, 2, 0, 2)	44.4
(2, 2, 0, 1, 2, 1, 0)	33.8
(2, 2, 0, 1, 2, 1, 1)	72.5
(2, 2, 0, 1, 2, 1, 2)	34.9
(2, 2, 0, 1, 2, 2, 0)	39.7
(2, 2, 0, 1, 2, 2, 1)	65.7
(2, 2, 0, 1, 2, 2, 2)	66.9
(2, 2, 0, 2, 0, 0, 0)	0.0
(2, 2, 0, 2, 0, 0, 1)	38.7
(2, 2, 0, 2, 0, 0, 2)	0.0
(2, 2, 0, 2, 0, 1, 0)	35.1
(2, 2, 0, 2, 0, 1, 1)	57.0
(2, 2, 0, 2, 0, 1, 2)	59.8
(2, 2, 0, 2, 0, 2, 0)	0.0
(2, 2, 0, 2, 0, 2, 1)	40.1
(2, 2, 0, 2, 0, 2, 2)	0.0
(2, 2, 0, 2, 1, 0, 0)	34.6
(2, 2, 0, 2, 1, 0, 1)	36.0
(2, 2, 0, 2, 1, 0, 2)	31.3
(2, 2, 0, 2, 1, 1, 0)	64.9
(2, 2, 0, 2, 1, 1, 1)	72.6
(2, 2, 0, 2, 1, 1, 2)	41.9
(2, 2, 0, 2, 1, 2, 0)	43.6
(2, 2, 0, 2, 1, 2, 1)	62.6
(2, 2, 0, 2, 1, 2, 2)	42.7
(2, 2, 0, 2, 2, 0, 0)	0.0
(2, 2, 0, 2, 2, 0, 1)	34.8
(2, 2, 0, 2, 2, 0, 2)	0.0
(2, 2, 0, 2, 2, 1, 0)	45.5
(2, 2, 0, 2, 2, 1, 1)	75.6
(2, 2, 0, 2, 2, 1, 2)	48.9
(2, 2, 0, 2, 2, 2, 0)	0.0
(2, 2, 0, 2, 2, 2, 1)	50.2
(2, 2, 0, 2, 2, 2, 2)	0.0
(2, 2, 1, 0, 0, 0, 0)	36.1
(2, 2, 1, 0, 0, 0, 1)	36.1
(2, 2, 1, 0, 0, 0, 2)	66.6
(2, 2, 1, 0, 0, 1, 0)	51.0
(2, 2, 1, 0, 0, 1, 1)	53.5
(2, 2, 1, 0, 0, 1, 2)	56.0
(2, 2, 1, 0, 0, 2, 0)	63.9
(2, 2, 1, 0, 0, 2, 1)	50.6
(2, 2, 1, 0, 0, 2, 2)	45.9
(2, 2, 1, 0, 1, 0, 0)	54.0
(2, 2, 1, 0, 1, 0, 1)	93.4
(2, 2, 1, 0, 1, 0, 2)	48.7
(2, 2, 1, 0, 1, 1, 0)	105.7
(2, 2, 1, 0, 1, 1, 1)	87.0
(2, 2, 1, 0, 1, 1, 2)	74.3
(2, 2, 1, 0, 1, 2, 0)	24.6
(2, 2, 1, 0, 1, 2, 1)	37.0
(2, 2, 1, 0, 1, 2, 2)	59.8
(2, 2, 1, 0, 2, 0, 0)	25.2
(2, 2, 1, 0, 2, 0, 1)	39.5
(2, 2, 1, 0, 2, 0, 2)	54.1
(2, 2, 1, 0, 2, 1, 0)	43.5
(2, 2, 1, 0, 2, 1, 1)	102.5
(2, 2, 1, 0, 2, 1, 2)	54.6
(2, 2, 1, 0, 2, 2, 0)	30.2
(2, 2, 1, 0, 2, 2, 1)	102.4
(2, 2, 1, 0, 2, 2, 2)	64.4
(2, 2, 1, 1, 0, 0, 0)	47.2
(2, 2, 1, 1, 0, 0, 1)	96.4
(2, 2, 1, 1, 0, 0, 2)	35.2
(2, 2, 1, 1, 0, 1, 0)	54.4
(2, 2, 1, 1, 0, 1, 1)	86.8
(2, 2, 1, 1, 0, 1, 2)	64.6
(2, 2, 1, 1, 0, 2, 0)	33.7
(2, 2, 1, 1, 0, 2, 1)	69.1
(2, 2, 1, 1, 0, 2, 2)	69.1
(2, 2, 1, 1, 1, 0, 0)	56.9
(2, 2, 1, 1, 1, 0, 1)	105.1
(2, 2, 1, 1, 1, 0, 2)	98.0
(2, 2, 1, 1, 1, 1, 0)	102.8
(2, 2, 1, 1, 1, 1, 1)	113.6
(2, 2, 1, 1, 1, 1, 2)	118.5
(2, 2, 1, 1, 1, 2, 0)	61.8
(2, 2, 1, 1, 1, 2, 1)	63.5
(2, 2, 1, 1, 1, 2, 2)	81.8
(2, 2, 1, 1, 2, 0, 0)	40.8
(2, 2, 1, 1, 2, 0, 1)	58.0
(2, 2, 1, 1, 2, 0, 2)	66.7
(2, 2, 1, 1, 2, 1, 0)	57.6
(2, 2, 1, 1, 2, 1, 1)	96.3
(2, 2, 1, 1, 2, 1, 2)	67.4
(2, 2, 1, 1, 2, 2, 0)	67.3
(2, 2, 1, 1, 2, 2, 1)	72.4
(2, 2, 1, 1, 2, 2, 2)	96.9
(2, 2, 1, 2, 0, 0, 0)	51.0
(2, 2, 1, 2, 0, 0, 1)	65.1
(2, 2, 1, 2, 0, 0, 2)	58.9
(2, 2, 1, 2, 0, 1, 0)	73.7
(2, 2, 1, 2, 0, 1, 1)	83.2
(2, 2, 1, 2, 0, 1, 2)	43.1
(2, 2, 1, 2, 0, 2, 0)	34.9
(2, 2, 1, 2, 0, 2, 1)	38.1
(2, 2, 1, 2, 0, 2, 2)	57.8
(2, 2, 1, 2, 1, 0, 0)	64.5
(2, 2, 1, 2, 1, 0, 1)	67.9
(2, 2, 1, 2, 1, 0, 2)	69.5
(2, 2, 1, 2, 1, 1, 0)	55.3
(2, 2, 1, 2, 1, 1, 1)	103.9
(2, 2, 1, 2, 1, 1, 2)	79.6
(2, 2, 1, 2, 1, 2, 0)	70.4
(2, 2, 1, 2, 1, 2, 1)	63.5
(2, 2, 1, 2, 1, 2, 2)	63.6
(2, 2, 1, 2, 2, 0, 0)	44.0
(2, 2, 1, 2, 2, 0, 1)	44.9
(2, 2, 1, 2, 2, 0, 2)	51.8
(2, 2, 1, 2, 2, 1, 0)	55.5
(2, 2, 1, 2, 2, 1, 1)	56.0
(2, 2, 1, 2, 2, 1, 2)	36.6
(2, 2, 1, 2, 2, 2, 0)	31.0
(2, 2, 1, 2, 2, 2, 1)	37.9
(2, 2, 1, 2, 2, 2, 2)	29.7
(2, 2, 2, 0, 0, 0, 0)	0.0
(2, 2, 2, 0, 0, 0, 1)	37.6
(2, 2, 2, 0, 0, 0, 2)	0.0
(2, 2, 2, 0, 0, 1, 0)	63.8
(2, 2, 2, 0, 0, 1, 1)	72.8
(2, 2, 2, 0, 0, 1, 2)	56.0
(2, 2, 2, 0, 0, 2, 0)	0.0
(2, 2, 2, 0, 0, 2, 1)	37.5
(2, 2, 2, 0, 0, 2, 2)	0.0
(2, 2, 2, 0, 1, 0, 0)	36.6
(2, 2, 2, 0, 1, 0, 1)	38.7
(2, 2, 2, 0, 1, 0, 2)	29.6
(2, 2, 2, 0, 1, 1, 0)	51.9
(2, 2, 2, 0, 1, 1, 1)	67.9
(2, 2, 2, 0, 1, 1, 2)	52.7
(2, 2, 2, 0, 1, 2, 0)	34.0
(2, 2, 2, 0, 1, 2, 1)	65.0
(2, 2, 2, 0, 1, 2, 2)	44.6
(2, 2, 2, 0, 2, 0, 0)	0.0
(2, 2, 2, 0, 2, 0, 1)	28.5
(2, 2, 2, 0, 2, 0, 2)	0.0
(2, 2, 2, 0, 2, 1, 0)	53.2
(2, 2, 2, 0, 2, 1, 1)	49.8
(2, 2, 2, 0, 2, 1, 2)	60.3
(2, 2, 2, 0, 2, 2, 0)	0.0
(2, 2, 2, 0, 2, 2, 1)	50.7
(2, 2, 2, 0, 2, 2, 2)	0.0
(2, 2, 2, 1, 0, 0, 0)	54.5
(2, 2, 2, 1, 0, 0, 1)	77.8
(2, 2, 2, 1, 0, 0, 2)	37.6
(2, 2, 2, 1, 0, 1, 0)	59.3
(2, 2, 2, 1, 0, 1, 1)	73.7
(2, 2, 2, 1, 0, 1, 2)	39.3
(2, 2, 2, 1, 0, 2, 0)	51.4
(2, 2, 2, 1, 0, 2, 1)	43.2
(2, 2, 2, 1, 0, 2, 2)	38.7
(2, 2, 2, 1, 1, 0, 0)	72.9
(2, 2, 2, 1, 1, 0, 1)	103.7
(2, 2, 2, 1, 1, 0, 2)	46.7
(2, 2, 2, 1, 1, 1, 0)	51.5
(2, 2, 2, 1, 1, 1, 1)	79.9
(2, 2, 2, 1, 1, 1, 2)	94.6
(2, 2, 2, 1, 1, 2, 0)	43.6
(2, 2, 2, 1, 1, 2, 1)	54.3
(2, 2, 2, 1, 1, 2, 2)	52.8
(2, 2, 2, 1, 2, 0, 0)	50.6
(2, 2, 2, 1, 2, 0, 1)	58.9
(2, 2, 2, 1, 2, 0, 2)	61.3
(2, 2, 2, 1, 2, 1, 0)	69.9
(2, 2, 2, 1, 2, 1, 1)	71.3
(2, 2, 2, 1, 2, 1, 2)	54.5
(2, 2, 2, 1, 2, 2, 0)	51.7
(2, 2, 2, 1, 2, 2, 1)	53.4
(2, 2, 2, 1, 2, 2, 2)	66.0
(2, 2, 2, 2, 0, 0, 0)	0.0
(2, 2, 2, 2, 0, 0, 1)	36.9
(2, 2, 2, 2, 0, 0, 2)	0.0
(2, 2, 2, 2, 0, 1, 0)	44.6
(2, 2, 2, 2, 0, 1, 1)	39.7
(2, 2, 2, 2, 0, 1, 2)	43.8
(2, 2, 2, 2, 0, 2, 0)	0.0
(2, 2, 2, 2, 0, 2, 1)	40.3
(2, 2, 2, 2, 0, 2, 2)	0.0
(2, 2, 2, 2, 1, 0, 0)	27.0
(2, 2, 2, 2, 1, 0, 1)	61.8
(2, 2, 2, 2, 1, 0, 2)	26.0
(2, 2, 2, 2, 1, 1, 0)	71.6
(2, 2, 2, 2, 1, 1, 1)	48.5
(2, 2, 2, 2, 1, 1, 2)	55.4
(2, 2, 2, 2, 1, 2, 0)	33.4
(2, 2, 2, 2, 1, 2, 1)	44.7
(2, 2, 2, 2, 1, 2, 2)	49.4
(2, 2, 2, 2, 2, 0, 0)	0.0
(2, 2, 2, 2, 2, 0, 1)	33.0
(2, 2, 2, 2, 2, 0, 2)	0.0
(2, 2, 2, 2, 2, 1, 0)	50.6
(2, 2, 2, 2, 2, 1, 1)	49.8
(2, 2, 2, 2, 2, 1, 2)	32.7
(2, 2, 2, 2, 2, 2, 0)	0.0
(2, 2, 2, 2, 2, 2, 1)	31.2
(2, 2, 2, 2, 2, 2, 2)	0.0
